Feature	Gain	Cover	Frequency
ctrx_quarter	0.225385289356402	0.025849791966449	0.0183566433566434
mcuentas_saldo	0.0983417254005042	0.0291012940589389	0.0327797202797203
mpayroll	0.0798017773626757	0.0268800594898843	0.0118006993006993
mpasivos_margen	0.0577425105901044	0.00955192589706443	0.0148601398601399
mprestamos_personales	0.0345609856631909	0.0317974458030753	0.0170454545454545
cpayroll_trx	0.0332189310493604	0.0118940048544459	0.00611888111888112
mcaja_ahorro	0.0250755460212257	0.0152164072996715	0.0166083916083916
mrentabilidad_annual	0.0246175689209692	0.0315557967465071	0.0375874125874126
mtarjeta_visa_consumo	0.0243034375443072	0.0161046437411389	0.0152972027972028
cprestamos_personales	0.0218792912022143	0.00847899900173098	0.00786713286713287
mactivos_margen	0.0169553374475693	0.0197244384110164	0.0292832167832168
mcomisiones_mantenimiento	0.0155728306875659	0.0166696222382337	0.0166083916083916
Visa_mpagominimo	0.0151298539823039	0.0105835121273405	0.020541958041958
mrentabilidad	0.0121636285267037	0.0159426572881825	0.0218531468531469
cliente_edad	0.0117499299147327	0.0162486767154193	0.0332167832167832
mcuenta_corriente	0.0117435770931829	0.0229294521153595	0.0257867132867133
ctarjeta_visa_transacciones	0.0108549271162342	0.00813631793551646	0.013548951048951
Master_fechaalta	0.0107457497979331	0.0177710999310721	0.0231643356643357
cdescubierto_preacordado	0.0105449706557293	0.0132270983102384	0.00874125874125874
ctarjeta_master	0.010355345294272	5.78959967214088e-05	0.000437062937062937
Visa_fechaalta	0.00997644530308582	0.0276103768151573	0.0270979020979021
Visa_status	0.00920137995610634	0.0199726810017885	0.0083041958041958
Master_status	0.00867630579544541	0.00704463521577861	0.00393356643356643
Master_Fvencimiento	0.00776917780440559	0.0160375009084977	0.0249125874125874
mcomisiones_otras	0.00748468744199381	0.00958967586638662	0.0148601398601399
ccajas_consultas	0.00738146218312416	0.0215663223308617	0.0113636363636364
Visa_msaldototal	0.00727768619110412	0.0165351220844891	0.0152972027972028
Visa_mconsumospesos	0.00695991477798647	0.00899157081792959	0.020541958041958
cproductos	0.00688552746895748	0.0140991845649146	0.0122377622377622
ccaja_seguridad	0.00643338245322898	0.0158960417957619	0.0083041958041958
mcomisiones	0.00642766422616261	0.00538203187414529	0.0126748251748252
ctarjeta_visa	0.00633851728888634	0.0030412398475362	0.00305944055944056
Visa_cconsumos	0.00609505675762217	0.00643506695062715	0.013986013986014
ctarjeta_debito_transacciones	0.00576346112500875	0.00897231452044705	0.0109265734265734
Visa_mfinanciacion_limite	0.00553755007339722	0.0107515995854399	0.0187937062937063
Master_mfinanciacion_limite	0.00550952484227925	0.00686716587346847	0.0157342657342657
numero_de_cliente	0.00541293287500917	0.0142417717280804	0.0183566433566434
chomebanking_transacciones	0.00505393681449042	0.00773439038967128	0.0166083916083916
ccomisiones_otras	0.00503940599202208	0.003603485602744	0.0118006993006993
cliente_antiguedad	0.00497457258932003	0.0145625511391137	0.0174825174825175
Visa_Fvencimiento	0.0045061746215753	0.00972412041201136	0.0152972027972028
Visa_mpagospesos	0.00424778434624308	0.00820498601944344	0.013986013986014
ccallcenter_transacciones	0.00423009153199761	0.0200476804673548	0.00874125874125874
mautoservicio	0.00419750724974376	0.0108582082950998	0.0104895104895105
Visa_msaldopesos	0.00418978799929406	0.00947633063021469	0.0113636363636364
Master_mconsumospesos	0.00410645164659713	0.00889151592238813	0.0100524475524476
internet	0.00396939468796803	0.0151760993568389	0.00917832167832168
Visa_mconsumototal	0.0037396904091626	0.00517226215825265	0.00917832167832168
mcuenta_debitos_automaticos	0.00352817047360299	0.010068072520964	0.00655594405594406
ccomisiones_mantenimiento	0.00338000954596567	0.0141611637864322	0.00699300699300699
thomebanking	0.00330144848371826	0.00440483038502657	0.00480769230769231
mcaja_ahorro_dolares	0.00311790846311305	0.00780007152316368	0.0104895104895105
ctransferencias_recibidas	0.00307208549136857	0.0148484880910882	0.0126748251748252
tmobile_app	0.00289105504914571	0.0148222172264947	0.00611888111888112
mtarjeta_master_consumo	0.00286965334718975	0.00940053676293711	0.00743006993006993
Master_mpagospesos	0.0026616033947369	0.0157821087023236	0.0104895104895105
mtransferencias_recibidas	0.00256065862254152	0.00388966087523193	0.00874125874125874
Visa_mconsumosdolares	0.00248616956118515	0.00622130139412655	0.00786713286713287
cmobile_app_trx	0.00244112085910453	0.00905987347706936	0.00655594405594406
Master_mlimitecompra	0.0023885722166226	0.00336572911456136	0.00786713286713287
Master_mpagominimo	0.00221711485960355	0.00574980014640347	0.00611888111888112
mplazo_fijo_dolares	0.00215824078229679	0.0189903635656489	0.00917832167832168
Visa_mlimitecompra	0.00209377098293952	0.00505844822507104	0.00655594405594406
mtransferencias_emitidas	0.00202059870693827	0.00439438400252264	0.00743006993006993
mpagomiscuentas	0.00201594540731271	0.0028523470086172	0.00699300699300699
ccuenta_debitos_automaticos	0.0019955249997273	0.00220282828140317	0.00393356643356643
Master_msaldototal	0.00195064509675178	0.00986608794184236	0.00611888111888112
catm_trx	0.0017521618333401	0.00558503328745743	0.00480769230769231
ctarjeta_visa_debitos_automaticos	0.00173271924092033	0.00911600590199163	0.00655594405594406
mttarjeta_visa_debitos_automaticos	0.00169125993700547	0.00290446770489727	0.00568181818181818
ccaja_ahorro	0.00168116293351794	0.00794959381326938	0.00437062937062937
ctransferencias_emitidas	0.00158715353344783	0.00719969448581225	0.00524475524475525
tcallcenter	0.00154749497037054	0.00148970975318042	0.00262237762237762
mextraccion_autoservicio	0.00153211181958481	0.00220382128354233	0.00393356643356643
ctarjeta_master_transacciones	0.00147977135273441	0.00267004770390221	0.00305944055944056
Master_mconsumototal	0.00140694030552252	0.00420890709096234	0.00305944055944056
ccajas_transacciones	0.00129663944190545	0.00155803624437153	0.000874125874125874
cextraccion_autoservicio	0.00117357671527397	0.00214760147443182	0.00262237762237762
Master_msaldopesos	0.00116713467902894	0.00610913981650449	0.00480769230769231
Visa_fultimo_cierre	0.00103596965301913	0.00510866235724393	0.00393356643356643
cpagomiscuentas	0.000938021831421535	0.0054741506965906	0.00437062937062937
ctarjeta_debito	0.000859631423214443	0.000727306542787028	0.00262237762237762
Master_fultimo_cierre	0.000766252061983715	0.00139746382646129	0.00305944055944056
Master_mpagado	0.000740178059330008	0.00614112242940245	0.00305944055944056
Visa_mpagado	0.000671136024860755	0.0116000126691185	0.00393356643356643
Visa_msaldodolares	0.000657078520830529	0.00609685836604739	0.0034965034965035
Master_mconsumosdolares	0.000607274651464222	0.000106147956667325	0.000437062937062937
matm	0.00060170268555947	0.000916437702219424	0.00131118881118881
Master_cconsumos	0.000590193249817418	0.000339201586718913	0.00174825174825175
ccajas_extracciones	0.00057409626613675	0.0123481087046909	0.00437062937062937
matm_other	0.00054724411335236	0.00383170927039073	0.00218531468531469
cseguro_vivienda	0.000547050748369415	0.000634313878459255	0.00174825174825175
Visa_delinquency	0.000520983098628563	0.00322383308088439	0.00174825174825175
ccheques_depositados	0.000469481499801364	0.0060145186286685	0.00218531468531469
minversion2	0.000450154646208862	0.00270256256594676	0.00218531468531469
catm_trx_other	0.000445500897266093	0.000872006814504984	0.00131118881118881
ccajas_depositos	0.000401911685608782	0.00688128239187873	0.00262237762237762
mcaja_ahorro_adicional	0.000368832743550721	0.00557425325623474	0.00218531468531469
cseguro_vida	0.000365366700979912	0.0050936640529341	0.00218531468531469
cinversion1	0.000333904308536406	0.00887870222278445	0.00305944055944056
Master_msaldodolares	0.00028655014303072	0.000110175573343746	0.000874125874125874
ctarjeta_master_debitos_automaticos	0.000282512333497442	0.000179328242314638	0.000874125874125874
Visa_cadelantosefectivo	0.000237231990374208	0.000672310112311958	0.000437062937062937
ctarjeta_visa_descuentos	0.000190221540520522	0.00107693862397565	0.000874125874125874
mttarjeta_master_debitos_automaticos	0.000186950578507461	0.00111348110269662	0.000874125874125874
mtarjeta_visa_descuentos	0.00018358175664767	0.00205402889685478	0.000874125874125874
cseguro_accidentes_personales	0.000148737855740791	0.000341966104674326	0.000437062937062937
ccajas_otras	0.000143465466679739	0.00236631615359398	0.000874125874125874
active_quarter	0.000136045197187819	0.000162629918342574	0.000437062937062937
ctarjeta_master_descuentos	0.00012485893344992	0.00252582407321105	0.000874125874125874
ccajeros_propios_descuentos	8.78133734073615e-05	0.00252808811808832	0.000874125874125874
Visa_mpagosdolares	8.77514012710708e-05	9.13005886826498e-05	0.000437062937062937
cinversion2	8.52033738299158e-05	0.00252784979757493	0.000874125874125874
