Feature	Gain	Cover	Frequency
ctrx_quarter	0.162563213468788	0.0392947253582452	0.0458447107763959
mpasivos_margen	0.0467178193719563	0.0335626148695068	0.0559456193808829
mcuenta_corriente	0.0434172370940148	0.0246696079018055	0.035952301404481
cpayroll_trx	0.043151743526609	0.0326262837853741	0.00255725564769156
mrentabilidad_annual	0.0397515219509466	0.0297974554290057	0.0491455299522964
cliente_edad	0.0362172896506098	0.0274940634135726	0.0454101280386251
numero_de_cliente	0.0302770913846178	0.0242306883564616	0.0404865317031875
Master_Fvencimiento	0.0287590105502092	0.0246164617372582	0.0350605275784196
mrentabilidad	0.0272892288525361	0.0183877767988992	0.0275947478289703
cliente_antiguedad	0.0252559473644387	0.0192223633867856	0.0317396120909459
Master_fechaalta	0.0244030675566411	0.0185044505229391	0.0297098846220512
mprestamos_personales	0.0239035309580864	0.0248277060599375	0.00931966449207829
Visa_fechaalta	0.0234098372092542	0.0192832214447208	0.0272330142206525
mcomisiones_otras	0.0227802661079029	0.0205711392873119	0.027200357714346
Master_mfinanciacion_limite	0.0221313009996065	0.0171841710240907	0.0272907911164255
mactivos_margen	0.0208864021662235	0.0215669763038815	0.0283785039803257
Visa_mfinanciacion_limite	0.0198172842606549	0.016418938732011	0.025685598229515
chomebanking_transacciones	0.0191089798494517	0.012188959624013	0.0259066576568203
Visa_mpagominimo	0.0170046166744144	0.0152861535552361	0.0245727649761482
mcaja_ahorro_dolares	0.014930612724287	0.0224064923479213	0.0177525792359885
Visa_mpagospesos	0.0145150936702915	0.0170104517520106	0.0216537757201388
Visa_mconsumospesos	0.0141623529445408	0.0131489345988569	0.0201942810921341
mtarjeta_visa_consumo	0.0126093961864684	0.0151279697645577	0.0174586706792302
ccomisiones_otras	0.0123274217233374	0.0165500036880635	0.0179083256506809
Visa_cconsumos	0.0113558672250336	0.00674030155145058	0.015627394287121
cproductos	0.010688066240114	0.0247577666083966	0.0148160057073525
Visa_msaldopesos	0.00985326962311623	0.0129915463221246	0.012690820758485
ctarjeta_visa_transacciones	0.00968367518188073	0.0093913679108095	0.0155168645734683
mttarjeta_visa_debitos_automaticos	0.00925891447352132	0.00491317542055932	0.0120025220871024
ctransferencias_recibidas	0.00918115373601964	0.0169950689199309	0.0128741996015906
Visa_msaldototal	0.00814336325664051	0.00820318344067403	0.0142583330611958
mautoservicio	0.00808078702599348	0.0120946595745783	0.0118517997503033
Visa_status	0.00775540734108638	0.0155092679140127	0.00297927819072907
mcuenta_debitos_automaticos	0.00749424962500777	0.00981045421376015	0.00885744932589435
ctarjeta_debito_transacciones	0.00709459819202535	0.00909807519809782	0.0107665989253497
cdescubierto_preacordado	0.00702820452627081	0.0114743498184625	0.00394892522413668
ctarjeta_debito	0.00641442268047828	0.0071844676415801	0.0081038376418988
ccomisiones_mantenimiento	0.00625630152476584	0.0156631706978934	0.0052250410090358
ccajas_consultas	0.00614041698969909	0.0197201478615194	0.00335105995483354
Master_mpagospesos	0.00607828012078039	0.00910416751941118	0.00786770598091353
Master_msaldopesos	0.00582453248758972	0.00903385947560499	0.0077596883062075
ctransferencias_emitidas	0.00565269549335143	0.00703477574509327	0.00883986505326779
cpagomiscuentas	0.00524518565341345	0.00694719785055656	0.00690057098645257
ccallcenter_transacciones	0.00508263000025618	0.0199514469542666	0.00661671058548092
cmobile_app_trx	0.00505739147729781	0.00279991868457492	0.00504668624382352
Master_mconsumospesos	0.00467314113602813	0.00602099746898675	0.00597362861513805
cprestamos_personales	0.00465065061892349	0.011860867830098	0.00434833941665432
internet	0.00426663603690469	0.00690896415960904	0.00267783351713085
Visa_fultimo_cierre	0.0038651298999211	0.00301159365208936	0.00511451129538312
ctarjeta_visa_debitos_automaticos	0.003786196211698	0.00325731003892849	0.00543856431950121
thomebanking	0.00365112606443695	0.00241077522870668	0.00342642112323309
ccaja_seguridad	0.00340187205283923	0.0112409341125558	0.0010324480070739
cextraccion_autoservicio	0.00308547535034696	0.00744605521422405	0.00434582737770766
Master_status	0.00307931933450645	0.010940486738534	0.00199455892364155
mextraccion_autoservicio	0.00290531406211568	0.00387113343991206	0.00459703127237285
matm	0.00287629182241739	0.00352899294417044	0.0043282431050811
Master_mlimitecompra	0.00286082858754561	0.00405515467964793	0.004458869130307
ccuenta_debitos_automaticos	0.00264616361065843	0.00619723421382792	0.00390873260099025
matm_other	0.0025925413594789	0.00375039589306903	0.00319028946224782
Master_cconsumos	0.00258793497447048	0.00238111472081735	0.00375549822524448
ctarjeta_visa	0.00253041438119955	0.0026155375399336	0.00180113192474936
Visa_mlimitecompra	0.00251586748894429	0.00282940606579421	0.00320787373487439
mtarjeta_master_consumo	0.00236525200696249	0.00704858182137164	0.00287628459391634
catm_trx	0.00229147676260883	0.00670198408953368	0.00292150129495608
ctarjeta_master	0.00226922959453215	0.000652132175540681	0.000909358098687962
fpoco_uso	0.00213612705134723	0.00678283238286409	0.00197446261206834
active_quarter	0.00208025763394711	0.00370440749246036	0.0032279700464476
tmobile_app	0.00204586987260108	0.00345584909791955	0.00146200666695136
falto_costo_mantenimiento	0.00183589101857232	0.00225891583595304	0.0011680981101931
ccaja_ahorro	0.00182573187173827	0.0108312680102426	0.00307724770964849
tcallcenter	0.0017316351606648	0.00150592837749288	0.00154239191324422
ctarjeta_master_transacciones	0.0016678012477075	0.00186563843787766	0.00229851563618642
ccajas_transacciones	0.00158609261507013	0.00106395522518384	0.00111534529231341
mtarjeta_visa_descuentos	0.00153446701244499	0.00430047455056535	0.00183378843105584
Visa_mconsumototal	0.00148000033725785	0.000960901419712599	0.00163282531532369
catm_trx_other	0.00147654329856445	0.00265778106794844	0.00203475154678798
cseguro_accidentes_personales	0.00118274767599946	0.00176915041482816	0.00169813832793664
ctarjeta_master_debitos_automaticos	0.00099767323992055	0.00153194639952873	0.00138915753749846
mcaja_ahorro_adicional	0.000993615735785055	0.00462567965892825	0.00126355559016587
ccajas_depositos	0.000939983168296885	0.00241261074372449	0.00120075461649957
minversion2	0.000883762799628122	0.00966615654717524	0.00093447848815448
ccheques_depositados	0.000795033101254446	0.00358772942474058	0.000424534581984159
ccajeros_propios_descuentos	0.000653165942889365	0.00270110058752546	0.00106008043548707
cseguro_vivienda	0.000640280046966757	0.00116447976790572	0.00114800179861989
Master_msaldodolares	0.000590036174038082	0.00364962065796473	0.00102993596812725
mcheques_depositados	0.000570432975405671	0.00308061596664711	0.000919406254474569
ccajas_otras	0.000535918267245369	0.00226430572217507	0.000660666242969431
tcuentas	0.000515937736514537	0.00192831091295693	0.000530040217743536
mprestamos_prendarios	0.000507233354254826	0.00811244396770062	0.000753611683995549
cseguro_vida	0.000472768891621076	0.00285697788418051	0.000874189553434836
cforex_buy	0.000420676191207492	0.00393932673213586	0.000655642165076127
cseguro_auto	0.000348427711348793	0.00244339067997492	0.000710907021902468
Master_mconsumototal	0.000348194100969553	0.000366037560938083	0.000324053024118086
Visa_delinquency	0.000340364880094621	0.000694405488789083	0.000904334020794658
Master_delinquency	0.000337573345975365	0.00132310785498469	0.000567720801943313
Master_mconsumosdolares	0.000288946166396275	0.000547902473869723	0.00061796158087635
fcompromisos	0.00027011167539983	0.00168027562158042	0.000349173413584604
ccajas_extracciones	0.000258612913398445	0.00294556103034969	0.000504919828277018
mforex_sell	0.000242213944914908	0.00305060300016071	0.000560184685103358
ccheques_emitidos	0.000228698712612906	0.00311292177559152	0.000283860400971657
cinversion1	0.000212003944853856	0.00149955433751215	0.000238643699931924
fbajo_lim_financiacion	0.000207309713163073	0.00046030906619054	0.000432070698824115
mpagodeservicios	0.0001976322251717	0.000577831669386742	0.000253715933611835
mprestamos_hipotecarios	0.000190136969661895	0.00330369557598455	0.000334101179904693
minversion1_pesos	0.000174713929045309	0.00159500608264422	0.000281348362025005
ctarjeta_visa_descuentos	0.000136225554823314	0.00028674678711231	0.000308980790438175
mcheques_emitidos	0.000135058044243477	0.00396593425358581	0.000301444673598219
ctarjeta_master_descuentos	0.000118324703112297	0.000472743160148286	0.000228595544145316
cprestamos_prendarios	9.59064725222767e-05	0.00526376251211653	0.000283860400971657
cforex	4.967088983317e-05	0.000215560078916249	0.000148210297852458
ccheques_emitidos_rechazados	2.12318230093132e-05	0.00225423955428493	7.53611683995549e-05
cpagodeservicios	2.08381072938946e-05	6.06756233796984e-05	6.02889347196439e-05
mcheques_emitidos_rechazados	8.69621788737017e-06	0.000855318972017692	4.77287399863848e-05
cforex_sell	8.31545142332627e-06	0.000177383476333036	3.76805841997774e-05
ccheques_depositados_rechazados	5.69369273092615e-07	6.83198794664076e-07	7.53611683995549e-06
minversion1_dolares	2.35860777697811e-10	4.23117858417432e-05	1.75842726265628e-05
