fecha	objective	metric	first_metric_only	boost_from_average	feature_pre_filter	verbosity	max_depth	min_gain_to_split	lambda_l1	lambda_l2	max_bin	num_iterations	force_row_wise	seed	learning_rate	feature_fraction	min_data_in_leaf	num_leaves	envios	ganancia	iteracion
20221002 221726	binary	custom	TRUE	TRUE	FALSE	-100	-1	0	0	0	50	69	TRUE	363373	0.108082851921208	0.643298308225349	6769	145	7905	32131000	1
20221002 221748	binary	custom	TRUE	TRUE	FALSE	-100	-1	0	0	0	50	68	TRUE	363373	0.244239448092412	0.793569001555443	4714	829	9263	33749000	2
20221002 221807	binary	custom	TRUE	TRUE	FALSE	-100	-1	0	0	0	50	21	TRUE	363373	0.226847939332947	0.705044408077374	1717	93	9706	34166000	3
20221002 221843	binary	custom	TRUE	TRUE	FALSE	-100	-1	0	0	0	50	156	TRUE	363373	0.257999630288687	0.732286184225232	3984	489	10191	34634000	4
20221002 221912	binary	custom	TRUE	TRUE	FALSE	-100	-1	0	0	0	50	38	TRUE	363373	0.213550513994414	0.414648633087054	1344	362	13808	36624000	5
20221002 221944	binary	custom	TRUE	TRUE	FALSE	-100	-1	0	0	0	50	122	TRUE	363373	0.148540212051012	0.21066530585289	3277	310	10534	34105000	6
20221002 222019	binary	custom	TRUE	TRUE	FALSE	-100	-1	0	0	0	50	68	TRUE	363373	0.205978814694099	0.28701999633573	806	882	12358	34724000	7
20221002 222033	binary	custom	TRUE	TRUE	FALSE	-100	-1	0	0	0	50	21	TRUE	363373	0.189389364328235	0.356531064352021	5858	930	5926	29152000	8
20221002 222054	binary	custom	TRUE	TRUE	FALSE	-100	-1	0	0	0	50	93	TRUE	363373	0.177149322489277	0.872911453638226	5473	662	11968	35399000	9
20221002 222111	binary	custom	TRUE	TRUE	FALSE	-100	-1	0	0	0	50	53	TRUE	363373	0.283074191079941	0.592325146151707	6993	799	13179	36142000	10
20221002 222127	binary	custom	TRUE	TRUE	FALSE	-100	-1	0	0	0	50	23	TRUE	363373	0.269307468312327	0.615934027777985	2126	1015	8431	32319000	11
20221002 222144	binary	custom	TRUE	TRUE	FALSE	-100	-1	0	0	0	50	33	TRUE	363373	0.168433515017387	0.5465608316008	7705	194	7487	31781000	12
20221002 222208	binary	custom	TRUE	TRUE	FALSE	-100	-1	0	0	0	50	70	TRUE	363373	0.113666794700548	0.942795354472473	3104	700	14944	36559000	13
20221002 222221	binary	custom	TRUE	TRUE	FALSE	-100	-1	0	0	0	50	29	TRUE	363373	0.270032348386012	0.894144696071744	5045	228	12686	36092000	14
20221002 222415	binary	custom	TRUE	TRUE	FALSE	-100	-1	0	0	0	50	226	TRUE	363373	0.138828558691312	0.46462615753524	497	765	6113	29102000	15
20221002 222433	binary	custom	TRUE	TRUE	FALSE	-100	-1	0	0	0	50	55	TRUE	363373	0.233099390503485	0.264569801399484	4395	451	5090	28494000	16
20221002 222457	binary	custom	TRUE	TRUE	FALSE	-100	-1	0	0	0	50	107	TRUE	363373	0.125852740108967	0.801995810726658	2477	34	8923	33220000	17
20221002 222518	binary	custom	TRUE	TRUE	FALSE	-100	-1	0	0	0	50	67	TRUE	363373	0.15588745467132	0.362396926879883	6271	539	14097	35991000	18
20221002 222625	binary	custom	TRUE	TRUE	FALSE	-100	-1	0	0	0	50	73	TRUE	363373	0.296308799115941	0.487788541205227	247	413	11185	32613000	19
20221002 222640	binary	custom	TRUE	TRUE	FALSE	-100	-1	0	0	0	50	54	TRUE	363373	0.195754810259677	0.97480324218981	7331	576	6674	30314000	20
20221002 222655	binary	custom	TRUE	TRUE	FALSE	-100	-1	0	0	0	50	21	TRUE	363373	0.212633970418718	0.886265314397295	2939	566	13943	35463000	21
20221002 222737	binary	custom	TRUE	TRUE	FALSE	-100	-1	0	0	0	50	55	TRUE	363373	0.109300314377469	0.389791219805562	668	227	15000	36196000	22
20221002 222750	binary	custom	TRUE	TRUE	FALSE	-100	-1	0	0	0	50	35	TRUE	363373	0.212525029606686	0.30727609918143	4480	16	13258	36452000	23
20221002 222818	binary	custom	TRUE	TRUE	FALSE	-100	-1	0	0	0	50	51	TRUE	363373	0.133521985461763	0.524336310474906	1951	1023	14995	36360000	24
20221002 222912	binary	custom	TRUE	TRUE	FALSE	-100	-1	0	0	0	50	147	TRUE	363373	0.10110562628808	0.370799105342141	1765	347	13541	36651000	25
20221002 222945	binary	custom	TRUE	TRUE	FALSE	-100	-1	0	0	0	50	105	TRUE	363373	0.178063300617759	0.200316484557355	1318	286	13645	35609000	26
20221002 223025	binary	custom	TRUE	TRUE	FALSE	-100	-1	0	0	0	50	163	TRUE	363373	0.129908298475643	0.556020305290692	4256	141	13179	35918000	27
20221002 223039	binary	custom	TRUE	TRUE	FALSE	-100	-1	0	0	0	50	25	TRUE	363373	0.274291068304659	0.399689100156102	4130	336	13467	35240000	28
20221002 223111	binary	custom	TRUE	TRUE	FALSE	-100	-1	0	0	0	50	30	TRUE	363373	0.100117414211071	0.539757677851152	1279	666	14408	36951000	29
20221002 223125	binary	custom	TRUE	TRUE	FALSE	-100	-1	0	0	0	50	33	TRUE	363373	0.229211402451	0.60341989757272	7972	289	12913	36174000	30
20221002 223154	binary	custom	TRUE	TRUE	FALSE	-100	-1	0	0	0	50	41	TRUE	363373	0.100707742405083	0.473359557687542	1482	797	13767	36397000	31
20221002 223231	binary	custom	TRUE	TRUE	FALSE	-100	-1	0	0	0	50	100	TRUE	363373	0.100094456732517	0.62722782621372	2180	611	14988	37238000	32
20221002 223312	binary	custom	TRUE	TRUE	FALSE	-100	-1	0	0	0	50	214	TRUE	363373	0.100018100659825	0.601277882260913	5207	731	14996	36350000	33
20221002 223525	binary	custom	TRUE	TRUE	FALSE	-100	-1	0	0	0	50	116	TRUE	363373	0.100070142213091	0.695825094838452	3	558	14995	34102000	34
20221002 223607	binary	custom	TRUE	TRUE	FALSE	-100	-1	0	0	0	50	143	TRUE	363373	0.101868939970205	0.520233419129183	1950	17	14709	37502000	35
20221002 223624	binary	custom	TRUE	TRUE	FALSE	-100	-1	0	0	0	50	45	TRUE	363373	0.253837367237046	0.366756539182618	6330	16	12414	35185000	36
20221002 223639	binary	custom	TRUE	TRUE	FALSE	-100	-1	0	0	0	50	43	TRUE	363373	0.209817668083447	0.913031415031923	6906	91	14785	36249000	37
20221002 223743	binary	custom	TRUE	TRUE	FALSE	-100	-1	0	0	0	50	141	TRUE	363373	0.100115105347118	0.422739556687366	2386	232	14875	37814000	38
20221002 223853	binary	custom	TRUE	TRUE	FALSE	-100	-1	0	0	0	50	237	TRUE	363373	0.100072893821906	0.420095711432021	3149	205	14989	36842000	39
20221002 223925	binary	custom	TRUE	TRUE	FALSE	-100	-1	0	0	0	50	154	TRUE	363373	0.116518345908979	0.953944365993332	7813	835	14553	36397000	40
20221002 224009	binary	custom	TRUE	TRUE	FALSE	-100	-1	0	0	0	50	133	TRUE	363373	0.105173017782875	0.41515038662058	2151	292	14675	36752000	41
20221002 224037	binary	custom	TRUE	TRUE	FALSE	-100	-1	0	0	0	50	95	TRUE	363373	0.101592396391802	0.660585893565382	2343	33	14946	36877000	42
20221002 224106	binary	custom	TRUE	TRUE	FALSE	-100	-1	0	0	0	50	130	TRUE	363373	0.110890012559071	0.871087950407222	6526	460	13737	36362000	43
20221002 224138	binary	custom	TRUE	TRUE	FALSE	-100	-1	0	0	0	50	52	TRUE	363373	0.124558104268837	0.539148523431365	1539	159	15000	37143000	44
20221002 224204	binary	custom	TRUE	TRUE	FALSE	-100	-1	0	0	0	50	47	TRUE	363373	0.111593543360694	0.496761484697391	2555	48	14701	36882000	45
20221002 224226	binary	custom	TRUE	TRUE	FALSE	-100	-1	0	0	0	50	58	TRUE	363373	0.100174765021457	0.545340656780157	1272	23	14059	36521000	46
20221002 224240	binary	custom	TRUE	TRUE	FALSE	-100	-1	0	0	0	50	12	TRUE	363373	0.215002824121839	0.504992847121689	1589	17	13170	35634000	47
20221002 224312	binary	custom	TRUE	TRUE	FALSE	-100	-1	0	0	0	50	114	TRUE	363373	0.10524535422203	0.289194885291324	6913	413	13255	36688000	48
20221002 224342	binary	custom	TRUE	TRUE	FALSE	-100	-1	0	0	0	50	146	TRUE	363373	0.100113284740964	0.988931094562825	5709	765	14464	36662000	49
20221002 224415	binary	custom	TRUE	TRUE	FALSE	-100	-1	0	0	0	50	97	TRUE	363373	0.100361831479186	0.404947000226403	1973	44	14893	36530000	50
20221002 224437	binary	custom	TRUE	TRUE	FALSE	-100	-1	0	0	0	50	68	TRUE	363373	0.124823819679619	0.899562287483728	4547	546	14922	36666000	51
20221002 224526	binary	custom	TRUE	TRUE	FALSE	-100	-1	0	0	0	50	153	TRUE	363373	0.107286950110001	0.313607793761508	2653	564	14999	36591000	52
20221002 224605	binary	custom	TRUE	TRUE	FALSE	-100	-1	0	0	0	50	176	TRUE	363373	0.100040056397328	0.614669642730034	7371	382	14518	36669000	53
20221002 224652	binary	custom	TRUE	TRUE	FALSE	-100	-1	0	0	0	50	229	TRUE	363373	0.100059573224688	0.268010905471813	5105	349	13335	35972000	54
20221002 224714	binary	custom	TRUE	TRUE	FALSE	-100	-1	0	0	0	50	92	TRUE	363373	0.133308172870773	0.779724058562028	5504	17	14371	35878000	55
20221002 224743	binary	custom	TRUE	TRUE	FALSE	-100	-1	0	0	0	50	103	TRUE	363373	0.100021755258922	0.418757342271088	7692	941	13661	36121000	56
20221002 224812	binary	custom	TRUE	TRUE	FALSE	-100	-1	0	0	0	50	61	TRUE	363373	0.100125736178155	0.917332747425994	1894	428	14990	36754000	57
20221002 224842	binary	custom	TRUE	TRUE	FALSE	-100	-1	0	0	0	50	109	TRUE	363373	0.107415577665905	0.362535213760454	4550	221	14999	36653000	58
20221002 224912	binary	custom	TRUE	TRUE	FALSE	-100	-1	0	0	0	50	112	TRUE	363373	0.10094470316735	0.999570182564928	4223	508	13202	36122000	59
20221002 224935	binary	custom	TRUE	TRUE	FALSE	-100	-1	0	0	0	50	103	TRUE	363373	0.234910452757755	0.279464970783771	7388	23	14522	36506000	60
20221002 225002	binary	custom	TRUE	TRUE	FALSE	-100	-1	0	0	0	50	115	TRUE	363373	0.122134729800423	0.787592741929635	6890	1024	14997	36506000	61
20221002 225014	binary	custom	TRUE	TRUE	FALSE	-100	-1	0	0	0	50	15	TRUE	363373	0.296948169415897	0.994748133837704	5109	1009	14986	36461000	62
20221002 225026	binary	custom	TRUE	TRUE	FALSE	-100	-1	0	0	0	50	34	TRUE	363373	0.290265486703482	0.717485165172978	7919	832	14994	36281000	63
20221002 225044	binary	custom	TRUE	TRUE	FALSE	-100	-1	0	0	0	50	85	TRUE	363373	0.179361698757614	0.793678086285677	7474	739	13692	36174000	64
20221002 225100	binary	custom	TRUE	TRUE	FALSE	-100	-1	0	0	0	50	43	TRUE	363373	0.238619464252653	0.468545345910278	7001	365	14998	35721000	65
20221002 225139	binary	custom	TRUE	TRUE	FALSE	-100	-1	0	0	0	50	254	TRUE	363373	0.12675696381144	0.200429213267414	7995	37	13396	35835000	66
20221002 225159	binary	custom	TRUE	TRUE	FALSE	-100	-1	0	0	0	50	104	TRUE	363373	0.299980927494226	0.942651305409463	6296	1022	14506	36219000	67
20221002 225234	binary	custom	TRUE	TRUE	FALSE	-100	-1	0	0	0	50	212	TRUE	363373	0.106005419930753	0.852251994943685	4904	1021	13830	36040000	68
20221002 225305	binary	custom	TRUE	TRUE	FALSE	-100	-1	0	0	0	50	188	TRUE	363373	0.158727295606455	0.201294997324525	7178	959	14502	36373000	69
20221002 225319	binary	custom	TRUE	TRUE	FALSE	-100	-1	0	0	0	50	56	TRUE	363373	0.299824895664596	0.228061052910299	7418	717	13075	36323000	70
20221002 225333	binary	custom	TRUE	TRUE	FALSE	-100	-1	0	0	0	50	30	TRUE	363373	0.25616076147392	0.959240020110782	3748	909	14993	35888000	71
20221002 225350	binary	custom	TRUE	TRUE	FALSE	-100	-1	0	0	0	50	42	TRUE	363373	0.100741339321459	0.999261901053252	5055	92	14996	36130000	72
20221002 225424	binary	custom	TRUE	TRUE	FALSE	-100	-1	0	0	0	50	70	TRUE	363373	0.299478174690178	0.51632205836965	953	556	14985	34113000	73
20221002 225448	binary	custom	TRUE	TRUE	FALSE	-100	-1	0	0	0	50	50	TRUE	363373	0.100746318518644	0.999597134673914	1918	651	12977	36516000	74
20221002 225514	binary	custom	TRUE	TRUE	FALSE	-100	-1	0	0	0	50	50	TRUE	363373	0.101705328171713	0.638928536887967	1800	357	14547	36892000	75
20221002 225531	binary	custom	TRUE	TRUE	FALSE	-100	-1	0	0	0	50	24	TRUE	363373	0.123205829303593	0.998791564388586	2378	679	14862	36272000	76
20221002 225545	binary	custom	TRUE	TRUE	FALSE	-100	-1	0	0	0	50	39	TRUE	363373	0.239633788146719	0.201211172306302	4941	109	14997	35810000	77
20221002 225620	binary	custom	TRUE	TRUE	FALSE	-100	-1	0	0	0	50	103	TRUE	363373	0.100306449275334	0.396761915694903	2434	337	12779	37107000	78
20221002 225656	binary	custom	TRUE	TRUE	FALSE	-100	-1	0	0	0	50	197	TRUE	363373	0.100295526733461	0.200135769960313	3948	209	13371	36650000	79
20221002 225715	binary	custom	TRUE	TRUE	FALSE	-100	-1	0	0	0	50	42	TRUE	363373	0.11060052749818	0.999258166806734	3175	505	11791	35579000	80
20221002 225733	binary	custom	TRUE	TRUE	FALSE	-100	-1	0	0	0	50	48	TRUE	363373	0.178729651184805	0.852351216246038	2446	239	14626	36264000	81
20221002 225750	binary	custom	TRUE	TRUE	FALSE	-100	-1	0	0	0	50	65	TRUE	363373	0.124285893494214	0.783490664223139	7998	219	14989	36198000	82
20221002 225815	binary	custom	TRUE	TRUE	FALSE	-100	-1	0	0	0	50	62	TRUE	363373	0.10018211755959	0.823891347668459	1995	632	12361	36186000	83
20221002 225849	binary	custom	TRUE	TRUE	FALSE	-100	-1	0	0	0	50	149	TRUE	363373	0.100127041512234	0.31339163390573	4271	849	12594	36335000	84
20221002 225900	binary	custom	TRUE	TRUE	FALSE	-100	-1	0	0	0	50	13	TRUE	363373	0.298804325190973	0.998950864123323	1906	40	11949	35459000	85
20221002 225931	binary	custom	TRUE	TRUE	FALSE	-100	-1	0	0	0	50	184	TRUE	363373	0.100198146887665	0.648235412627241	6884	17	13000	36306000	86
20221002 225953	binary	custom	TRUE	TRUE	FALSE	-100	-1	0	0	0	50	74	TRUE	363373	0.100251896367091	0.701776014176759	4043	882	14995	36515000	87
20221002 230004	binary	custom	TRUE	TRUE	FALSE	-100	-1	0	0	0	50	25	TRUE	363373	0.298676617187557	0.999999758443731	5840	222	13449	35884000	88
20221002 230038	binary	custom	TRUE	TRUE	FALSE	-100	-1	0	0	0	50	169	TRUE	363373	0.100322273993547	0.251203581438993	4272	991	14998	36731000	89
20221002 230053	binary	custom	TRUE	TRUE	FALSE	-100	-1	0	0	0	50	53	TRUE	363373	0.26955258686942	0.8573865242297	5790	617	14998	35800000	90
20221002 230110	binary	custom	TRUE	TRUE	FALSE	-100	-1	0	0	0	50	71	TRUE	363373	0.288139859837236	0.291192788579756	7997	547	14827	35661000	91
20221002 230121	binary	custom	TRUE	TRUE	FALSE	-100	-1	0	0	0	50	17	TRUE	363373	0.289458817792056	0.999852322244024	8000	352	13260	36077000	92
20221002 230141	binary	custom	TRUE	TRUE	FALSE	-100	-1	0	0	0	50	96	TRUE	363373	0.153784539386619	0.999580609495193	6916	848	12979	36022000	93
20221002 230219	binary	custom	TRUE	TRUE	FALSE	-100	-1	0	0	0	50	228	TRUE	363373	0.101034198554798	0.202866306755959	7277	1014	11644	35554000	94
20221002 230255	binary	custom	TRUE	TRUE	FALSE	-100	-1	0	0	0	50	143	TRUE	363373	0.100039945902392	0.434194403427874	3980	979	14993	36351000	95
20221002 230323	binary	custom	TRUE	TRUE	FALSE	-100	-1	0	0	0	50	147	TRUE	363373	0.158243050089353	0.200148867472816	6691	49	13993	36576000	96
20221002 230357	binary	custom	TRUE	TRUE	FALSE	-100	-1	0	0	0	50	79	TRUE	363373	0.107706387424281	0.999915014691109	1222	979	11320	35196000	97
20221002 230428	binary	custom	TRUE	TRUE	FALSE	-100	-1	0	0	0	50	181	TRUE	363373	0.100212102146918	0.659378910201788	6409	257	14993	36744000	98
20221002 230502	binary	custom	TRUE	TRUE	FALSE	-100	-1	0	0	0	50	100	TRUE	363373	0.103099244394083	0.437688424185789	2465	439	14995	36986000	99
20221002 230528	binary	custom	TRUE	TRUE	FALSE	-100	-1	0	0	0	50	49	TRUE	363373	0.109634780028985	0.521705926824804	2075	235	12926	36945000	100
20221002 230603	binary	custom	TRUE	TRUE	FALSE	-100	-1	0	0	0	50	129	TRUE	363373	0.100377919165843	0.368258236879207	2596	647	13248	36156000	101
20221002 230629	binary	custom	TRUE	TRUE	FALSE	-100	-1	0	0	0	50	85	TRUE	363373	0.100077458511959	0.369252636275662	2436	17	14984	36513000	102
20221002 230646	binary	custom	TRUE	TRUE	FALSE	-100	-1	0	0	0	50	49	TRUE	363373	0.110537028046121	0.993396315930035	7117	259	12334	35434000	103
20221002 230706	binary	custom	TRUE	TRUE	FALSE	-100	-1	0	0	0	50	19	TRUE	363373	0.245795183336489	0.526848785183183	2024	229	14829	36381000	104
20221002 230721	binary	custom	TRUE	TRUE	FALSE	-100	-1	0	0	0	50	42	TRUE	363373	0.20926850805809	0.654472058879148	7857	434	12627	35205000	105
20221002 230749	binary	custom	TRUE	TRUE	FALSE	-100	-1	0	0	0	50	50	TRUE	363373	0.100043715339518	0.544674544571342	2110	212	14816	37011000	106
20221002 230822	binary	custom	TRUE	TRUE	FALSE	-100	-1	0	0	0	50	125	TRUE	363373	0.152100301630075	0.218103508026999	7613	807	14990	37060000	107
20221002 230900	binary	custom	TRUE	TRUE	FALSE	-100	-1	0	0	0	50	132	TRUE	363373	0.10239123475421	0.449584059218504	4796	241	14346	36532000	108
20221002 230931	binary	custom	TRUE	TRUE	FALSE	-100	-1	0	0	0	50	112	TRUE	363373	0.21095320993189	0.200916164293621	3468	660	15000	36199000	109
20221002 230950	binary	custom	TRUE	TRUE	FALSE	-100	-1	0	0	0	50	38	TRUE	363373	0.208830183017059	0.90786134707306	2542	364	12679	35637000	110
20221002 231025	binary	custom	TRUE	TRUE	FALSE	-100	-1	0	0	0	50	90	TRUE	363373	0.116329344066745	0.730745126858424	2074	964	14986	36609000	111
20221002 231054	binary	custom	TRUE	TRUE	FALSE	-100	-1	0	0	0	50	73	TRUE	363373	0.149503281960974	0.427000269160164	2396	113	13610	36568000	112
20221002 231108	binary	custom	TRUE	TRUE	FALSE	-100	-1	0	0	0	50	46	TRUE	363373	0.299738164327925	0.998257144531305	7996	128	10863	35170000	113
20221002 231134	binary	custom	TRUE	TRUE	FALSE	-100	-1	0	0	0	50	102	TRUE	363373	0.100521913256669	0.202988521468323	6913	710	14867	36163000	114
20221002 231200	binary	custom	TRUE	TRUE	FALSE	-100	-1	0	0	0	50	38	TRUE	363373	0.101296981074447	0.743583893897827	1530	597	14987	37147000	115
20221002 231216	binary	custom	TRUE	TRUE	FALSE	-100	-1	0	0	0	50	51	TRUE	363373	0.299252047592809	0.200340559213445	4378	928	14980	35274000	116
20221002 231308	binary	custom	TRUE	TRUE	FALSE	-100	-1	0	0	0	50	315	TRUE	363373	0.102208384052061	0.2784762596462	7132	233	14360	36435000	117
20221002 231322	binary	custom	TRUE	TRUE	FALSE	-100	-1	0	0	0	50	40	TRUE	363373	0.122561478421881	0.994488243660128	1675	17	14585	36771000	118
20221002 231352	binary	custom	TRUE	TRUE	FALSE	-100	-1	0	0	0	50	89	TRUE	363373	0.100578988043212	0.559003657120697	3762	632	14993	36590000	119
20221002 231405	binary	custom	TRUE	TRUE	FALSE	-100	-1	0	0	0	50	36	TRUE	363373	0.279588453990503	0.996380279922008	4522	16	14942	35787000	120
