Feature	Gain	Cover	Frequency
ctrx_quarter	0.1752236720192	0.0188376925551784	0.0213541666666667
mpayroll	0.0844538969109014	0.0236013477860022	0.0131510416666667
mcaja_ahorro	0.0627646497321131	0.0190945312207195	0.0298177083333333
mpasivos_margen	0.0415760882759759	0.0179519679754332	0.02109375
mcuentas_saldo	0.0337625393989016	0.0351489952649263	0.030859375
mprestamos_personales	0.030913138435976	0.01857178169628	0.00885416666666667
mrentabilidad_annual	0.0289278157920089	0.0315499587281842	0.0381510416666667
mtarjeta_visa_consumo	0.024885254177832	0.0144318420566984	0.020703125
Visa_status	0.0220988465810786	0.0101640828418099	0.00260416666666667
mactivos_margen	0.0201407171446838	0.0188770191805884	0.0227864583333333
cpayroll_trx	0.0196765230775693	0.0081870524496634	0.00416666666666667
ccomisiones_mantenimiento	0.0178638033826931	0.013243030846997	0.00494791666666667
mcuenta_corriente	0.0165790907555435	0.0210865578473772	0.0243489583333333
Visa_Fvencimiento	0.0148768547464268	0.0156065486253593	0.029296875
mrentabilidad	0.014669269484647	0.0158466032736049	0.0205729166666667
cliente_edad	0.0143973492509416	0.0211125243582532	0.028515625
Visa_msaldototal	0.013483170387491	0.0173404543463814	0.0196614583333333
Visa_fechaalta	0.0133556414357592	0.0149840739116281	0.0248697916666667
Master_fechaalta	0.0132736114236165	0.0210780187717652	0.0248697916666667
Master_Fvencimiento	0.012538121293445	0.0182324200804222	0.0243489583333333
numero_de_cliente	0.0119151792888984	0.0165178904319405	0.0266927083333333
Visa_mpagominimo	0.0115274424168795	0.0139978888077697	0.0203125
Visa_mconsumospesos	0.0114204472887199	0.0125317230910139	0.0231770833333333
ctarjeta_visa_transacciones	0.0103473264339537	0.0130059129421939	0.0127604166666667
mcomisiones_mantenimiento	0.00985780275587957	0.0115280094433536	0.0104166666666667
mcomisiones	0.00974006758944803	0.0100891384359948	0.0145833333333333
ccomisiones_otras	0.00924308788224235	0.0147711531182873	0.0165364583333333
Visa_msaldopesos	0.00922736998467422	0.0114088438397245	0.0158854166666667
Visa_mpagospesos	0.00893531103253186	0.0168551425560298	0.0200520833333333
cliente_antiguedad	0.00892832918611301	0.014982584858615	0.0190104166666667
cdescubierto_preacordado	0.00879291483503738	0.0122305667149636	0.00377604166666667
mcaja_ahorro_dolares	0.00841011116718479	0.0127227906526352	0.0182291666666667
cprestamos_personales	0.0084067108329839	0.0107173947197583	0.004296875
chomebanking_transacciones	0.00805472819033446	0.0102233692117746	0.0177083333333333
Master_mlimitecompra	0.00805019838565606	0.00994240237241073	0.0165364583333333
mcomisiones_otras	0.00801358744396759	0.0127862178768122	0.0166666666666667
cproductos	0.0078533898740333	0.0139566870785655	0.009375
Master_mfinanciacion_limite	0.00697019272782483	0.00627269096765949	0.0149739583333333
mtransferencias_recibidas	0.00674729184592219	0.0080276042853567	0.0140625
Visa_mlimitecompra	0.00673113387844157	0.0100054389499639	0.0139322916666667
Visa_cconsumos	0.00670549100944618	0.00977106935905528	0.0139322916666667
mautoservicio	0.00616180580048827	0.0127643784326205	0.0161458333333333
ccajas_consultas	0.00590893083582632	0.0126760739122715	0.00325520833333333
ctarjeta_debito_transacciones	0.0058343855315294	0.0107380668199212	0.01640625
mtransferencias_emitidas	0.00583083801149243	0.0112057075953492	0.0149739583333333
mttarjeta_visa_debitos_automaticos	0.00564492207451436	0.0100408499174506	0.0123697916666667
Visa_mfinanciacion_limite	0.0055535149006345	0.00964859934457309	0.011328125
mcuenta_debitos_automaticos	0.00546891939434795	0.0133938801897375	0.00872395833333333
Visa_mconsumototal	0.00541024650227325	0.00959040218931236	0.0118489583333333
Master_status	0.00514742188613748	0.0078335678093946	0.00234375
ccaja_seguridad	0.00513566039925945	0.0105686318895731	0.00247395833333333
ctransferencias_recibidas	0.00437899877786271	0.00972240398141524	0.00989583333333333
thomebanking	0.00379302956475961	0.00306445731336553	0.00377604166666667
Master_msaldopesos	0.00363732168459518	0.0096147647511095	0.007421875
mextraccion_autoservicio	0.00357611414739305	0.010294191146748	0.00963541666666667
mpagomiscuentas	0.00351511576129084	0.00838811596901124	0.00807291666666667
Visa_mconsumosdolares	0.00344093809987223	0.00837011405341808	0.007421875
cmobile_app_trx	0.00331387218812162	0.00396021461757844	0.00533854166666667
mtarjeta_master_consumo	0.00303549347551977	0.00908212956916664	0.00494791666666667
Master_msaldototal	0.00289750188953791	0.00881193998077697	0.00611979166666667
Master_mconsumospesos	0.00260287596803116	0.00696152505316758	0.005078125
ccallcenter_transacciones	0.00256923126923611	0.0120702683197698	0.00338541666666667
internet	0.00252687699317972	0.0113484085091015	0.00338541666666667
Master_mpagospesos	0.0024978862590395	0.0146629164284393	0.00625
ctarjeta_visa_debitos_automaticos	0.00237982058580521	0.00322925503849696	0.004296875
tmobile_app	0.00230445199042542	0.00923700946589622	0.001953125
ctransferencias_emitidas	0.00219033569981783	0.0071736967241592	0.00520833333333333
tcallcenter	0.0020454859182372	0.00237085274320447	0.00143229166666667
cpagomiscuentas	0.00198997804941301	0.0041052226443325	0.003515625
Visa_fultimo_cierre	0.00190073013041451	0.00305355597464023	0.00325520833333333
cextraccion_autoservicio	0.00187157177181314	0.00506312493262782	0.00520833333333333
ctarjeta_debito	0.00182877060035962	0.00161188150327531	0.00325520833333333
ccuenta_debitos_automaticos	0.00180454277926169	0.0019200557310261	0.003515625
Master_mpagominimo	0.0017852582434418	0.00672670047383827	0.004296875
ctarjeta_master	0.0015206713719612	0.000805908580739223	0.000911458333333333
mplazo_fijo_dolares	0.00145904722066095	0.0109877497584827	0.00260416666666667
Visa_mpagado	0.00144546933237129	0.012483218567866	0.003515625
matm	0.00128758085799497	0.00379713573759173	0.00481770833333333
catm_trx	0.00128040631481715	0.00439831331656203	0.004296875
ccajas_transacciones	0.00127058892768342	0.00348815723738017	0.001171875
ccaja_ahorro	0.00119137980229889	0.00621785337336343	0.001953125
Master_mconsumototal	0.00115480753257929	0.00277964375371789	0.00169270833333333
matm_other	0.00110939858695044	0.00384360430245323	0.002734375
Master_fultimo_cierre	0.00101178289550425	0.00124680155204363	0.00221354166666667
Visa_msaldodolares	0.000959839754467562	0.00632267994797782	0.002734375
mttarjeta_master_debitos_automaticos	0.00067395469401558	0.00188303621861789	0.0015625
Master_cconsumos	0.000614696067565437	0.00163842249448045	0.00143229166666667
Visa_mpagosdolares	0.00054552925798783	0.000534096659900131	0.001171875
Master_madelantopesos	0.000508584450818338	0.000120810915291704	0.000260416666666667
ccajas_extracciones	0.000507605988482196	0.00755645688199974	0.0015625
ctarjeta_visa	0.000502101513183711	0.00151084649883308	0.000520833333333333
tcuentas	0.000483541801442242	0.00654044935529635	0.00130208333333333
ccajas_depositos	0.000344567319483438	0.00421176346824897	0.000911458333333333
ctarjeta_master_transacciones	0.000320547439291753	0.0021234998968578	0.00078125
cseguro_vivienda	0.000292809265950476	0.000343497874227459	0.000390625
catm_trx_other	0.000267215106703716	0.000978955843396754	0.00104166666666667
cseguro_vida	0.00026496418133217	0.00172214955556708	0.000520833333333333
Master_delinquency	0.000226860708717963	0.000108907682872427	0.000260416666666667
Master_mpagado	0.000182966390722908	0.00468692304222447	0.000911458333333333
ccheques_depositados	0.000167638777703835	0.00149732552980702	0.000260416666666667
Visa_cadelantosefectivo	0.000165498476858039	0.000753580316520738	0.000260416666666667
Master_mconsumosdolares	0.000114391933260671	0.000168446824181973	0.000260416666666667
cseguro_accidentes_personales	0.000112129782613335	0.000741750617583588	0.000390625
Visa_madelantopesos	0.000110787780012602	0.000414209508977645	0.000260416666666667
cinversion2	6.60094389742803e-05	0.00149732552980702	0.000260416666666667
active_quarter	6.58955377754066e-05	0.000118462439706279	0.000260416666666667
cplazo_fijo	6.27115438934961e-05	0.000375448172211555	0.000130208333333333
minversion2	6.16989712529854e-05	0.000470614285611536	0.000130208333333333
mtarjeta_visa_descuentos	5.76125226296478e-05	0.00012190472583834	0.000130208333333333
mcaja_ahorro_adicional	5.44422239256667e-05	0.00145514948196466	0.000260416666666667
ctarjeta_master_debitos_automaticos	5.08362507025605e-05	0.000277216631775412	0.000130208333333333
cinversion1	4.22729756872564e-05	0.000748662764903508	0.000130208333333333
Visa_Finiciomora	3.51451452185608e-05	0.00149732552980702	0.000260416666666667
Visa_delinquency	3.20254770938741e-05	0.00171120685425809	0.000520833333333333
Master_mpagosdolares	2.91569952440023e-05	2.35399059658426e-05	0.000130208333333333
ccajeros_propios_descuentos	2.13408686771899e-05	0.000748662764903508	0.000130208333333333
mcajeros_propios_descuentos	2.47347789938658e-06	0.000322655727887143	0.000260416666666667
Visa_madelantodolares	9.66811736030321e-11	0.000131643316377508	0.000130208333333333
