Feature	Gain	Cover	Frequency
ctrx_quarter	0.231724787632564	0.0183471225533521	0.020541958041958
mpayroll	0.0972627189959969	0.0320528820064341	0.0118006993006993
mcuenta_corriente	0.0555099538463444	0.0293732351917956	0.027534965034965
mcaja_ahorro	0.0489326223493731	0.0177221358828804	0.0231643356643357
mprestamos_personales	0.0427633121527796	0.0225326696524431	0.0152972027972028
mpasivos_margen	0.0404075977244239	0.0170352083223448	0.020541958041958
mcuentas_saldo	0.0386513235802468	0.0409253575441935	0.0393356643356643
mtarjeta_visa_consumo	0.0285486731120143	0.0129643144774927	0.0179195804195804
Visa_status	0.0281347122996941	0.0137377869098897	0.00611888111888112
mrentabilidad_annual	0.0236468456934581	0.0321043503490574	0.0393356643356643
mcomisiones_mantenimiento	0.0200163931470437	0.0132643919897924	0.0170454545454545
cpayroll_trx	0.0193268627645737	0.00991074568172271	0.00611888111888112
mrentabilidad	0.013851390734269	0.0143494714937055	0.0218531468531469
Visa_fechaalta	0.0136682889136835	0.0124497936684556	0.0218531468531469
cprestamos_personales	0.0120617666861729	0.00961884781439602	0.00699300699300699
cdescubierto_preacordado	0.0119235510417003	0.0104340396884993	0.00699300699300699
Visa_msaldototal	0.011579981154994	0.0176233215435595	0.0201048951048951
Visa_mpagominimo	0.0108638509286864	0.011366348467365	0.0187937062937063
cliente_edad	0.0107385678705266	0.0204960518862038	0.0310314685314685
mactivos_margen	0.010662567096206	0.019287692285789	0.0257867132867133
ctarjeta_visa_transacciones	0.00888693131609259	0.0118041952683551	0.0131118881118881
Master_fechaalta	0.00795492932710426	0.0289761646527733	0.0253496503496504
ccajas_consultas	0.00762210328967044	0.0179566217490597	0.0100524475524476
Master_Fvencimiento	0.00742922405575215	0.0153957667963054	0.0214160839160839
Visa_Fvencimiento	0.00710515460580358	0.014723043847865	0.0196678321678322
ccaja_seguridad	0.00680497438753002	0.0175763576972732	0.0083041958041958
mcomisiones_otras	0.00674903897277832	0.0136597062630948	0.0170454545454545
Visa_msaldopesos	0.00622833053574274	0.0124892527311335	0.013548951048951
ctarjeta_master	0.0060641924468531	0.00134222607639432	0.00174825174825175
Visa_mconsumospesos	0.00569726116455509	0.011508248232841	0.0166083916083916
ccomisiones_otras	0.00563400598911394	0.00533663292297507	0.0109265734265734
mautoservicio	0.00511412193230775	0.0108462336267758	0.0122377622377622
chomebanking_transacciones	0.00492283349806572	0.0177495694038932	0.0179195804195804
cproductos	0.00492178113305651	0.0110959160699476	0.0126748251748252
Master_status	0.00486111178873782	0.0125812534099302	0.00655594405594406
mtarjeta_master_consumo	0.00473981328016084	0.0129999601669178	0.00786713286713287
Visa_mpagospesos	0.004581077190369	0.0105945672538093	0.013986013986014
Visa_mconsumosdolares	0.00454926937920696	0.0065343817513324	0.0109265734265734
mcomisiones	0.00429959184758414	0.00538858911718726	0.0113636363636364
Visa_cconsumos	0.00424115443054461	0.00949668977654877	0.0131118881118881
thomebanking	0.00420329498245383	0.00527631007401416	0.00699300699300699
mcaja_ahorro_dolares	0.00397413793416354	0.00508339729406449	0.0126748251748252
Visa_mfinanciacion_limite	0.00392103647286095	0.0053644160709599	0.0131118881118881
cliente_antiguedad	0.00390957145660205	0.00920231199697877	0.0126748251748252
mcuenta_debitos_automaticos	0.00389763867002902	0.0138245025298073	0.0100524475524476
mtransferencias_emitidas	0.00378037729293509	0.00574628190212977	0.0109265734265734
mttarjeta_visa_debitos_automaticos	0.00362291441355897	0.00470275109186674	0.0118006993006993
mtransferencias_recibidas	0.00355414960910654	0.00218301389719242	0.00961538461538462
tcallcenter	0.00354259390261198	0.00356360950104954	0.00480769230769231
Visa_mconsumototal	0.00345507899409445	0.00653611362447281	0.00961538461538462
numero_de_cliente	0.00336703460304253	0.00545607525364441	0.0118006993006993
ctarjeta_debito_transacciones	0.00335768141578623	0.00547313379753442	0.00961538461538462
Master_mconsumospesos	0.00334519768104222	0.00804728270608479	0.0083041958041958
Master_mlimitecompra	0.00316002016072202	0.00443794524944067	0.00874125874125874
internet	0.00314413464882759	0.0158733572400668	0.00743006993006993
ccallcenter_transacciones	0.00300310738847256	0.0132324051872837	0.00699300699300699
ccomisiones_mantenimiento	0.00297424313261314	0.0124823577620111	0.00568181818181818
cmobile_app_trx	0.00282220207627192	0.00577871590192827	0.00655594405594406
Visa_mlimitecompra	0.00268460678275673	0.00325161214826236	0.00786713286713287
tmobile_app	0.00261476082772203	0.0163235873405537	0.00611888111888112
ctransferencias_recibidas	0.00258640335095228	0.011191518719642	0.0100524475524476
Master_mfinanciacion_limite	0.00244108929962464	0.00356671548949854	0.00786713286713287
Master_mpagospesos	0.0021612299069414	0.0168682899012209	0.00961538461538462
ctarjeta_visa_debitos_automaticos	0.0019322364393937	0.0113432405637733	0.00786713286713287
mpagomiscuentas	0.00173814620858037	0.00636607295318024	0.00743006993006993
Master_mconsumototal	0.0017290819342998	0.00368350715986847	0.00437062937062937
mplazo_fijo_dolares	0.00171194634545986	0.0189891189825549	0.00743006993006993
Master_mpagominimo	0.00162274386015039	0.000855960005211231	0.00305944055944056
mextraccion_autoservicio	0.00161100306213584	0.00215571860079644	0.00480769230769231
ctransferencias_emitidas	0.00147358670436151	0.00709099602162721	0.00524475524475525
Master_msaldopesos	0.00141117189374331	0.00827672743917928	0.00524475524475525
ccaja_ahorro	0.00140705437362947	0.00723118830654216	0.00393356643356643
ccuenta_debitos_automaticos	0.00140165870374647	0.00082394067926325	0.00262237762237762
Visa_mpagado	0.00137676545760679	0.0136448023970555	0.00611888111888112
Master_msaldototal	0.00132217133984667	0.00202572241408838	0.0034965034965035
matm_other	0.00130305635559728	0.00332304175172935	0.00393356643356643
catm_trx	0.00125717976903024	0.00586148805483595	0.00393356643356643
cpagomiscuentas	0.00122995712237711	0.00439960824541712	0.00437062937062937
cextraccion_autoservicio	0.00115393654312613	0.00410193746762241	0.0034965034965035
Visa_msaldodolares	0.00104788131645491	0.00644659285791941	0.00437062937062937
Master_cconsumos	0.000944776910378699	0.000883401657083866	0.00262237762237762
ctarjeta_master_transacciones	0.000881570795855673	0.0037794431748152	0.00305944055944056
ccajas_transacciones	0.000846098483356858	0.00144146322042558	0.000874125874125874
Visa_mpagosdolares	0.000702726543516732	0.00042754500160556	0.00131118881118881
Visa_fultimo_cierre	0.000694598467969729	0.00244970609909536	0.00262237762237762
ccajas_depositos	0.000668405649189278	0.00648294593214832	0.00305944055944056
ccajas_extracciones	0.000538221001417395	0.0108371026712045	0.00393356643356643
Master_fultimo_cierre	0.000513374226539632	0.00062184002772363	0.00174825174825175
ctarjeta_visa	0.000471298974942229	0.00131484134054039	0.000874125874125874
minversion2	0.000464464962483015	0.00107546882761287	0.00131118881118881
cseguro_vida	0.000461429049111085	0.00332742428516916	0.00174825174825175
ccheques_depositados	0.000408299895117861	0.00640819080701735	0.00218531468531469
ctarjeta_debito	0.000386808338222843	0.000186156035444142	0.00131118881118881
mtarjeta_visa_descuentos	0.000303557952010349	0.00210003034192957	0.00131118881118881
cseguro_accidentes_personales	0.000297327182146751	0.00155629535358032	0.00131118881118881
catm_trx_other	0.000290386423583354	0.00201725818902189	0.00131118881118881
cinversion1	0.000277066220379871	0.00794710238231509	0.00262237762237762
Master_mpagado	0.00027558056074577	0.00602196683498712	0.00218531468531469
Visa_Finiciomora	0.000268112526795333	0.00794710238231509	0.00262237762237762
mttarjeta_master_debitos_automaticos	0.000199360910582932	0.00047531380301348	0.000874125874125874
mcaja_ahorro_adicional	0.000178863596358087	0.00362655861773042	0.00131118881118881
matm	0.000172610042271495	0.0010760054643606	0.000874125874125874
ccajeros_propios_descuentos	0.00014777258778026	0.00374725310081112	0.00131118881118881
ctarjeta_visa_descuentos	0.00014195458535838	0.000341349756716137	0.000437062937062937
cseguro_vivienda	0.000122531935696131	0.000104375847433782	0.000437062937062937
tcuentas	0.000121561669916308	0.00236306365691616	0.000874125874125874
active_quarter	7.56560174280938e-05	0.0012462981923074	0.000437062937062937
ccajas_otras	6.21046363274049e-05	0.00129482316367804	0.000437062937062937
cinversion2	6.09523295951064e-05	0.00264903412743836	0.000874125874125874
cseguro_auto	5.35891624662259e-05	0.0011896098376834	0.000437062937062937
ctarjeta_master_descuentos	3.41876339450008e-05	0.00132451706371918	0.000437062937062937
