Feature	Gain	Cover	Frequency
ctrx_quarter	0.217540019057863	0.0232392151155082	0.0280318091451292
mcuentas_saldo	0.11674726248481	0.0405835655706317	0.036182902584493
mpayroll	0.0335997757199563	0.0141530646567872	0.00815109343936382
mrentabilidad_annual	0.031107463068185	0.0415549262127948	0.0411530815109344
mcaja_ahorro	0.0278245133515699	0.0224112911448916	0.025844930417495
mprestamos_personales	0.0242167417056102	0.0119624287263937	0.00457256461232604
cliente_edad	0.0208608043103337	0.0376652343751345	0.0397614314115308
mactivos_margen	0.0180919418555902	0.0265636270149555	0.0266401590457256
numero_de_cliente	0.0179120996039373	0.0269412927192935	0.0339960238568589
cpayroll_trx	0.0173972738312932	0.00359943815338637	0.00159045725646123
Visa_Fvencimiento	0.0168227448678708	0.027721621698018	0.0343936381709742
mcuenta_corriente	0.0166934746580882	0.0280369312340849	0.0256461232604374
mtarjeta_visa_consumo	0.0166389069571241	0.0165085054655958	0.0157057654075547
Master_Fvencimiento	0.0162581110027541	0.021838794867042	0.0306163021868787
Visa_fechaalta	0.0156610633904506	0.0198048202658554	0.0252485089463221
mpasivos_margen	0.015531798526658	0.017052856959194	0.0234592445328032
Visa_mpagominimo	0.0145103754377757	0.0150498352626754	0.0186878727634195
mrentabilidad	0.0144660791117542	0.023950088149814	0.0250497017892644
cliente_antiguedad	0.0144468167212156	0.0246290174897952	0.0272365805168986
mcomisiones_mantenimiento	0.0143401742789082	0.00851379723606245	0.00914512922465209
Visa_mconsumospesos	0.0142206141208624	0.0194095534746795	0.0278330019880716
Master_fechaalta	0.0142087046251725	0.0266779757976579	0.0296222664015905
chomebanking_transacciones	0.0129106245850807	0.0194284791466196	0.0228628230616302
cdescubierto_preacordado	0.0117072671442788	0.00433553128803795	0.00159045725646123
ctarjeta_visa_transacciones	0.0111551234526858	0.0072599714700264	0.0119284294234592
Visa_cconsumos	0.0106889161049923	0.0104069843359069	0.0159045725646123
mtransferencias_recibidas	0.0106839725952526	0.0163631560931617	0.0210735586481113
Visa_mpagospesos	0.010390061476702	0.014952192147282	0.0204771371769384
Master_mfinanciacion_limite	0.00968613988612717	0.0107564628692702	0.0172962226640159
Visa_mfinanciacion_limite	0.00843064612224682	0.0139272758802669	0.0174950298210736
mcomisiones_otras	0.00820107883775857	0.0124664439544598	0.015506958250497
Master_status	0.00818187800899776	0.0043889650510605	0.00178926441351889
Visa_msaldototal	0.00816165768729546	0.0152388323633971	0.0121272365805169
mautoservicio	0.00812649976353109	0.0149686381959109	0.01610337972167
mcaja_ahorro_dolares	0.00806244946032692	0.0115361719421668	0.0151093439363817
Visa_msaldopesos	0.00733356977744071	0.00915880130240625	0.0119284294234592
cproductos	0.00716048313985421	0.0108117192613933	0.010337972166998
mtransferencias_emitidas	0.00690723757955817	0.0114726607356868	0.0149105367793241
ccomisiones_otras	0.00658404134755268	0.0081699084518305	0.0105367793240557
mttarjeta_visa_debitos_automaticos	0.00656615477727556	0.0157052293745609	0.0141153081510934
mcomisiones	0.00625112454506831	0.0107969315933124	0.0125248508946322
ctransferencias_recibidas	0.00594727640286552	0.0099287296389083	0.0105367793240557
ctarjeta_debito_transacciones	0.00511769730762198	0.00924471919047505	0.0117296222664016
cprestamos_personales	0.00500069467112528	0.00771228549238365	0.0025844930417495
mcuenta_debitos_automaticos	0.00490540440993107	0.0110640527233615	0.00815109343936382
Visa_mlimitecompra	0.00487680274419243	0.0110226144030245	0.010337972166998
Visa_mconsumosdolares	0.00450456493521973	0.0108839144478034	0.00834990059642147
ccajas_consultas	0.00449220225614814	0.00766204662862759	0.00238568588469185
Master_mlimitecompra	0.00446092705691804	0.00926114934408268	0.00914512922465209
ccaja_seguridad	0.00424780821217945	0.00378357137761275	0.00099403578528827
cmobile_app_trx	0.00387496928481532	0.00356283721784251	0.00516898608349901
Master_msaldopesos	0.00382153150836974	0.00545787873683008	0.00417495029821074
ctarjeta_debito	0.00367255047261004	0.00517474072372522	0.00675944333996024
mpagomiscuentas	0.00317800425530273	0.00927284278136486	0.00695825049701789
Visa_status	0.00316550859821321	0.0224780767257443	0.00616302186878728
Master_mpagospesos	0.0031046919418559	0.0107482875300194	0.00715705765407555
mextraccion_autoservicio	0.00304726437412125	0.00871184390220228	0.00755467196819086
Master_mconsumospesos	0.0029875176822641	0.00687491458081822	0.00417495029821074
ctarjeta_visa_debitos_automaticos	0.00272482438989283	0.00317109382303845	0.00457256461232604
cextraccion_autoservicio	0.00268584724468338	0.00819345957494753	0.00556660039761431
Master_cconsumos	0.00267975239110749	0.00169773132216456	0.0025844930417495
Visa_mconsumototal	0.00266277010553125	0.00347995527882795	0.00497017892644135
thomebanking	0.00260243391624649	0.00337025314066413	0.00298210735586481
tcallcenter	0.00259919916735408	0.00199380788254766	0.00099403578528827
cpagomiscuentas	0.00256813712216386	0.00605012192938324	0.00556660039761431
internet	0.00225297156430914	0.0053705197001701	0.00238568588469185
mtarjeta_master_consumo	0.00219780242939297	0.00478910101707207	0.00278330019880716
ctarjeta_visa	0.00215738708927638	0.00471648196342932	0.00139165009940358
Master_mpagominimo	0.00210399414361602	0.00421954001980891	0.00437375745526839
ctransferencias_emitidas	0.00195219735502434	0.0047783188943402	0.00397614314115308
Visa_fultimo_cierre	0.00187939505143228	0.00334597084657069	0.00318091451292247
ccallcenter_transacciones	0.00181776943239588	0.00513239108883783	0.00218687872763419
ccaja_ahorro	0.00173889371362425	0.00536720823741461	0.0025844930417495
matm_other	0.0017066957933972	0.00413254656863713	0.00278330019880716
ccajas_transacciones	0.00152967545763775	0.00397652633861974	0.00159045725646123
catm_trx	0.00152168930603734	0.00225134431479729	0.00198807157057654
Master_msaldototal	0.0014872227055458	0.00219548921020792	0.00318091451292247
Master_fultimo_cierre	0.00127766160435752	0.0031001066582416	0.0025844930417495
mplazo_fijo_dolares	0.00127266173499795	0.00813213128471589	0.00198807157057654
Visa_mpagado	0.00118181136719385	0.00771078076370756	0.0025844930417495
ccomisiones_mantenimiento	0.00116533615800054	0.0018122178617175	0.0025844930417495
Visa_msaldodolares	0.000974461815519452	0.00341450487975827	0.00178926441351889
ctarjeta_master_transacciones	0.000888486976226851	0.00313148872848281	0.00198807157057654
ccuenta_debitos_automaticos	0.000878212979382282	0.00178902172740786	0.00178926441351889
matm	0.000748031305931499	0.00267265774742276	0.0025844930417495
Visa_mpagosdolares	0.000654687159940662	0.00171599999989403	0.00139165009940358
Master_mconsumototal	0.00063548624095309	0.00303812137379927	0.00139165009940358
ccajas_extracciones	0.000619588468903172	0.00396433485733914	0.00099403578528827
ctarjeta_master	0.000584923559170412	0.00217866697941004	0.000795228628230616
Master_mpagado	0.000278125649887656	0.000756857330713587	0.000795228628230616
cseguro_vida	0.000269868885514028	0.00107816458812331	0.000397614314115308
catm_trx_other	0.00023053780182412	0.000850071033525276	0.000596421471172962
ccajas_depositos	0.000221020569345794	0.00172619930518094	0.000397614314115308
cseguro_accidentes_personales	0.000152205892602159	0.000838404087945139	0.000397614314115308
mttarjeta_master_debitos_automaticos	0.000144761590871119	0.00030840579851434	0.000198807157057654
Master_mpagosdolares	0.000143132024785511	8.65113021945805e-05	0.000198807157057654
Master_mconsumosdolares	6.10224814662487e-05	5.18919459636037e-05	0.000198807157057654
cseguro_vivienda	5.82162608948198e-05	0.000554858102628801	0.000198807157057654
