max_depth	min_split	ganancia_promedio
4	1000	5	18681333
4	1000	6	18642667
4	1000	7	18832000
4	1000	8	18493333
4	1000	9	18493333
4	1000	10	18593333
4	1000	15	18593333
4	1000	20	18640000
4	800	5	18681333
4	800	6	18642667
4	800	7	18832000
4	800	8	18493333
4	800	9	18493333
4	800	10	18593333
4	800	15	18593333
4	800	20	18640000
4	600	5	18525333
4	600	6	18472000
4	600	7	18674667
4	600	8	18489333
4	600	9	18489333
4	600	10	18589333
4	600	15	18541333
4	600	20	18553333
4	400	5	18509333
4	400	6	18456000
4	400	7	18690667
4	400	8	18505333
4	400	9	18505333
4	400	10	18605333
4	400	15	18557333
4	400	20	18569333
4	200	5	18517333
4	200	6	18464000
4	200	7	18698667
4	200	8	18513333
4	200	9	18513333
4	200	10	18613333
4	200	15	18565333
4	200	20	18577333
4	100	5	18517333
4	100	6	18464000
4	100	7	18698667
4	100	8	18513333
4	100	9	18513333
4	100	10	18613333
4	100	15	18565333
4	100	20	18577333
4	50	5	18517333
4	50	6	18464000
4	50	7	18698667
4	50	8	18513333
4	50	9	18513333
4	50	10	18613333
4	50	15	18565333
4	50	20	18577333
4	20	5	18517333
4	20	6	18464000
4	20	7	18698667
4	20	8	18513333
4	20	9	18513333
4	20	10	18613333
4	20	15	18565333
4	20	20	18577333
4	10	5	18517333
4	10	6	18464000
4	10	7	18698667
4	10	8	18513333
4	10	9	18513333
4	10	10	18613333
4	10	15	18565333
4	10	20	18577333
6	1000	5	19177333
6	1000	6	19177333
6	1000	7	19361333
6	1000	8	19113333
6	1000	9	19092000
6	1000	10	19397333
6	1000	15	19537333
6	1000	20	19466667
6	800	5	19181333
6	800	6	19177333
6	800	7	19361333
6	800	8	19113333
6	800	9	19092000
6	800	10	19397333
6	800	15	19492000
6	800	20	19629333
6	600	5	18998667
6	600	6	18918667
6	600	7	19156000
6	600	8	19041333
6	600	9	19085333
6	600	10	19448000
6	600	15	19545333
6	600	20	19614667
6	400	5	18864000
6	400	6	18733333
6	400	7	19097333
6	400	8	18996000
6	400	9	19045333
6	400	10	19401333
6	400	15	19493333
6	400	20	19457333
6	200	5	18873333
6	200	6	18738667
6	200	7	19082667
6	200	8	19001333
6	200	9	19044000
6	200	10	19410667
6	200	15	19506667
6	200	20	19460000
6	100	5	18997333
6	100	6	18873333
6	100	7	19134667
6	100	8	18792000
6	100	9	18800000
6	100	10	19224000
6	100	15	19266667
6	100	20	19250667
6	50	5	19054667
6	50	6	18930667
6	50	7	19190667
6	50	8	18918667
6	50	9	18925333
6	50	10	19253333
6	50	15	19365333
6	50	20	19316000
6	20	5	19112000
6	20	6	19002667
6	20	7	19261333
6	20	8	18894667
6	20	9	18957333
6	20	10	19221333
6	20	15	19374667
6	20	20	19392000
6	10	5	19153333
6	10	6	19042667
6	10	7	19184000
6	10	8	18922667
6	10	9	18957333
6	10	10	19221333
6	10	15	19374667
6	10	20	19392000
8	1000	5	19985333
8	1000	6	20060000
8	1000	7	20320000
8	1000	8	19917333
8	1000	9	19716000
8	1000	10	20064000
8	1000	15	19544000
8	1000	20	19773333
8	800	5	20004000
8	800	6	20286667
8	800	7	20308000
8	800	8	20168000
8	800	9	19946667
8	800	10	20262667
8	800	15	20020000
8	800	20	20196000
8	600	5	19922667
8	600	6	20185333
8	600	7	20293333
8	600	8	20326667
8	600	9	20112000
8	600	10	20708000
8	600	15	19926667
8	600	20	20094667
8	400	5	19817333
8	400	6	19736000
8	400	7	19825333
8	400	8	19492000
8	400	9	19318667
8	400	10	19977333
8	400	15	19505333
8	400	20	19184000
8	200	5	19776000
8	200	6	19161333
8	200	7	19622667
8	200	8	19225333
8	200	9	18980000
8	200	10	19625333
8	200	15	19046667
8	200	20	18544000
8	100	5	19077333
8	100	6	18788000
8	100	7	18886667
8	100	8	18786667
8	100	9	18437333
8	100	10	19166667
8	100	15	18462667
8	100	20	17992000
8	50	5	19194667
8	50	6	18888000
8	50	7	18946667
8	50	8	18786667
8	50	9	18353333
8	50	10	18776000
8	50	15	17860000
8	50	20	17840000
8	20	5	18969333
8	20	6	18560000
8	20	7	18732000
8	20	8	18376000
8	20	9	17852000
8	20	10	18721333
8	20	15	17634667
8	20	20	17897333
8	10	5	18992000
8	10	6	18557333
8	10	7	18501333
8	10	8	18305333
8	10	9	17822667
8	10	10	18721333
8	10	15	17634667
8	10	20	17897333
10	1000	5	19465333
10	1000	6	19602667
10	1000	7	19585333
10	1000	8	19538667
10	1000	9	19481333
10	1000	10	19236000
10	1000	15	19158667
10	1000	20	19208000
10	800	5	19698667
10	800	6	19760000
10	800	7	19456000
10	800	8	19674667
10	800	9	19521333
10	800	10	19314667
10	800	15	19554667
10	800	20	19661333
10	600	5	19600000
10	600	6	19749333
10	600	7	19530667
10	600	8	19688000
10	600	9	19620000
10	600	10	19633333
10	600	15	19361333
10	600	20	19620000
10	400	5	19312000
10	400	6	19133333
10	400	7	18993333
10	400	8	18808000
10	400	9	18762667
10	400	10	18706667
10	400	15	19082667
10	400	20	18828000
10	200	5	19130667
10	200	6	18589333
10	200	7	18681333
10	200	8	18450667
10	200	9	18342667
10	200	10	18222667
10	200	15	18454667
10	200	20	18161333
10	100	5	18244000
10	100	6	17921333
10	100	7	17552000
10	100	8	17781333
10	100	9	17498667
10	100	10	17241333
10	100	15	17020000
10	100	20	16844000
10	50	5	17630667
10	50	6	17513333
10	50	7	17105333
10	50	8	17184000
10	50	9	16820000
10	50	10	16344000
10	50	15	15833333
10	50	20	16330667
10	20	5	17016000
10	20	6	16254667
10	20	7	16029333
10	20	8	15876000
10	20	9	15708000
10	20	10	15562667
10	20	15	15097333
10	20	20	16510667
10	10	5	16770667
10	10	6	16248000
10	10	7	15846667
10	10	8	15810667
10	10	9	15641333
10	10	10	15562667
10	10	15	15097333
10	10	20	16510667
12	1000	5	19386667
12	1000	6	19364000
12	1000	7	19028000
12	1000	8	18996000
12	1000	9	18714667
12	1000	10	18734667
12	1000	15	18584000
12	1000	20	18714667
12	800	5	19652000
12	800	6	19424000
12	800	7	18814667
12	800	8	19064000
12	800	9	18662667
12	800	10	18716000
12	800	15	19037333
12	800	20	19134667
12	600	5	19581333
12	600	6	19397333
12	600	7	18916000
12	600	8	19062667
12	600	9	18924000
12	600	10	19044000
12	600	15	18648000
12	600	20	18716000
12	400	5	19398667
12	400	6	18942667
12	400	7	18538667
12	400	8	18413333
12	400	9	18145333
12	400	10	17982667
12	400	15	18458667
12	400	20	17644000
12	200	5	18761333
12	200	6	17761333
12	200	7	17813333
12	200	8	17742667
12	200	9	17294667
12	200	10	17213333
12	200	15	17656000
12	200	20	16650667
12	100	5	16817333
12	100	6	15912000
12	100	7	16145333
12	100	8	16533333
12	100	9	15746667
12	100	10	15445333
12	100	15	15782667
12	100	20	14561333
12	50	5	16386667
12	50	6	15500000
12	50	7	15370667
12	50	8	15613333
12	50	9	14669333
12	50	10	14456000
12	50	15	14136000
12	50	20	13425333
12	20	5	14874667
12	20	6	13502667
12	20	7	13769333
12	20	8	13433333
12	20	9	13110667
12	20	10	13074667
12	20	15	13013333
12	20	20	13592000
12	10	5	13994667
12	10	6	12913333
12	10	7	13176000
12	10	8	13138667
12	10	9	13082667
12	10	10	13074667
12	10	15	13013333
12	10	20	13592000
14	1000	5	18833333
14	1000	6	19134667
14	1000	7	18705333
14	1000	8	18726667
14	1000	9	18588000
14	1000	10	18448000
14	1000	15	18153333
14	1000	20	18221333
14	800	5	19126667
14	800	6	19210667
14	800	7	18572000
14	800	8	18832000
14	800	9	18545333
14	800	10	18442667
14	800	15	18554667
14	800	20	18614667
14	600	5	18826667
14	600	6	19277333
14	600	7	18706667
14	600	8	18816000
14	600	9	18742667
14	600	10	18761333
14	600	15	18138667
14	600	20	18038667
14	400	5	18656000
14	400	6	18710667
14	400	7	18137333
14	400	8	17974667
14	400	9	17786667
14	400	10	17645333
14	400	15	17918667
14	400	20	16828000
14	200	5	17700000
14	200	6	17693333
14	200	7	17636000
14	200	8	17258667
14	200	9	17053333
14	200	10	16740000
14	200	15	16762667
14	200	20	16002667
14	100	5	15725333
14	100	6	15493333
14	100	7	15761333
14	100	8	15720000
14	100	9	15408000
14	100	10	15090667
14	100	15	14644000
14	100	20	13776000
14	50	5	14301333
14	50	6	14401333
14	50	7	14022667
14	50	8	13940000
14	50	9	13386667
14	50	10	13122667
14	50	15	12521333
14	50	20	12065333
14	20	5	12873333
14	20	6	12345333
14	20	7	12366667
14	20	8	11529333
14	20	9	11874667
14	20	10	11850667
14	20	15	11344000
14	20	20	12286667
14	10	5	11713333
14	10	6	11814667
14	10	7	11552000
14	10	8	11096000
14	10	9	11832000
14	10	10	11850667
14	10	15	11344000
14	10	20	12286667
