fecha	objective	metric	first_metric_only	boost_from_average	feature_pre_filter	verbosity	max_depth	min_gain_to_split	lambda_l1	lambda_l2	max_bin	num_iterations	force_row_wise	seed	learning_rate	feature_fraction	min_data_in_leaf	num_leaves	envios	ganancia	iteracion
20221002 122259	binary	custom	TRUE	TRUE	FALSE	-100	-1	0	0	0	31	41	TRUE	363373	0.234328594108112	0.713431052947417	3444	447	8259	25410000	3
20221002 122324	binary	custom	TRUE	TRUE	FALSE	-100	-1	0	0	0	31	29	TRUE	363373	0.164280108119419	0.775790737578645	2556	229	13346	24990000	4
20221002 122359	binary	custom	TRUE	TRUE	FALSE	-100	-1	0	0	0	31	26	TRUE	363373	0.216599013471161	0.548634485704824	1585	491	10220	25560000	5
20221002 122556	binary	custom	TRUE	TRUE	FALSE	-100	-1	0	0	0	31	290	TRUE	363373	0.036775702801242	0.511632141899317	4225	639	11566	25430000	6
20221002 122638	binary	custom	TRUE	TRUE	FALSE	-100	-1	0	0	0	31	72	TRUE	363373	0.119692653638427	0.234905924843624	2148	111	10822	25640000	7
20221002 122705	binary	custom	TRUE	TRUE	FALSE	-100	-1	0	0	0	31	72	TRUE	363373	0.245869609847548	0.755721867298707	4947	191	9700	25240000	8
20221002 122748	binary	custom	TRUE	TRUE	FALSE	-100	-1	0	0	0	31	82	TRUE	363373	0.139051206008007	0.248105118153617	1692	820	7230	25300000	9
20221002 122933	binary	custom	TRUE	TRUE	FALSE	-100	-1	0	0	0	31	394	TRUE	363373	0.0778643647552817	0.376477353489026	6522	1020	12937	24370000	10
20221002 122955	binary	custom	TRUE	TRUE	FALSE	-100	-1	0	0	0	31	45	TRUE	363373	0.264154783768638	0.860531171672046	5944	685	6931	24460000	11
20221002 123045	binary	custom	TRUE	TRUE	FALSE	-100	-1	0	0	0	31	109	TRUE	363373	0.130245555751433	0.620020926622674	3098	301	11478	25850000	12
20221002 123115	binary	custom	TRUE	TRUE	FALSE	-100	-1	0	0	0	31	59	TRUE	363373	0.208898584504321	0.598161765718833	3798	853	12215	25010000	13
20221002 123445	binary	custom	TRUE	TRUE	FALSE	-100	-1	0	0	0	31	817	TRUE	363373	0.0220472164187231	0.965204610386863	7593	934	8717	26170000	14
20221002 123517	binary	custom	TRUE	TRUE	FALSE	-100	-1	0	0	0	31	51	TRUE	363373	0.191583786452655	0.426539376191795	5390	24	6140	24280000	15
20221002 123648	binary	custom	TRUE	TRUE	FALSE	-100	-1	0	0	0	31	95	TRUE	363373	0.0850184748999309	0.834509076159448	732	908	9152	26580000	16
20221002 123732	binary	custom	TRUE	TRUE	FALSE	-100	-1	0	0	0	31	133	TRUE	363373	0.174831702276948	0.347127367854118	7937	723	7565	25830000	17
20221002 123807	binary	custom	TRUE	TRUE	FALSE	-100	-1	0	0	0	31	68	TRUE	363373	0.0621492909863009	0.949629917861894	7099	149	13537	23890000	18
20221002 123947	binary	custom	TRUE	TRUE	FALSE	-100	-1	0	0	0	31	87	TRUE	363373	0.272866213062021	0.443419663477689	137	590	5680	23200000	19
20221002 124048	binary	custom	TRUE	TRUE	FALSE	-100	-1	0	0	0	31	94	TRUE	363373	0.105051759298833	0.305857796818018	1020	529	14728	22870000	20
20221002 124250	binary	custom	TRUE	TRUE	FALSE	-100	-1	0	0	0	31	318	TRUE	363373	0.0183400472383946	0.896486033229157	4457	375	5460	24520000	21
20221002 124313	binary	custom	TRUE	TRUE	FALSE	-100	-1	0	0	0	31	60	TRUE	363373	0.299676736157329	0.664680426456034	6222	325	14077	23050000	22
20221002 124344	binary	custom	TRUE	TRUE	FALSE	-100	-1	0	0	0	31	55	TRUE	363373	0.0986136787460188	0.702511742642953	4150	926	9042	26320000	23
20221002 131458	binary	custom	TRUE	TRUE	FALSE	-100	-1	0	0	0	31	1079	TRUE	363373	0.00519606032573855	0.775883540541934	32	615	9062	27080000	24
20221002 133920	binary	custom	TRUE	TRUE	FALSE	-100	-1	0	0	0	31	1402	TRUE	363373	0.00513555636081298	0.366645484798008	312	676	8920	26800000	25
20221002 140121	binary	custom	TRUE	TRUE	FALSE	-100	-1	0	0	0	31	540	TRUE	363373	0.00511783315471346	0.947544421897583	258	423	9242	26880000	26
20221002 142821	binary	custom	TRUE	TRUE	FALSE	-100	-1	0	0	0	31	743	TRUE	363373	0.00515192068048402	0.938066945292135	42	664	8811	27660000	27
20221002 150741	binary	custom	TRUE	TRUE	FALSE	-100	-1	0	0	0	31	2386	TRUE	363373	0.00523319468976277	0.996535489905246	97	586	8698	27250000	28
20221002 151248	binary	custom	TRUE	TRUE	FALSE	-100	-1	0	0	0	31	317	TRUE	363373	0.0254811932586023	0.993639741446739	11	402	8884	25920000	29
20221002 152638	binary	custom	TRUE	TRUE	FALSE	-100	-1	0	0	0	31	1163	TRUE	363373	0.00508233197760152	0.983030734320925	840	804	8833	26980000	30
20221002 154252	binary	custom	TRUE	TRUE	FALSE	-100	-1	0	0	0	31	703	TRUE	363373	0.00521995231396665	0.797345877533728	207	385	8846	27270000	31
20221002 155249	binary	custom	TRUE	TRUE	FALSE	-100	-1	0	0	0	31	1954	TRUE	363373	0.00518714643633414	0.638372543995559	7845	660	8808	25750000	32
20221002 155337	binary	custom	TRUE	TRUE	FALSE	-100	-1	0	0	0	31	67	TRUE	363373	0.0702210051207577	0.789174361693906	4390	904	8856	26290000	33
20221002 155438	binary	custom	TRUE	TRUE	FALSE	-100	-1	0	0	0	31	203	TRUE	363373	0.0807059287861251	0.923242361770427	6376	570	9228	26030000	34
20221002 155551	binary	custom	TRUE	TRUE	FALSE	-100	-1	0	0	0	31	82	TRUE	363373	0.0861494486431235	0.254250564380131	703	565	8892	26940000	35
20221002 155658	binary	custom	TRUE	TRUE	FALSE	-100	-1	0	0	0	31	92	TRUE	363373	0.0885768594831045	0.722432734275619	968	721	8652	26220000	36
20221002 160017	binary	custom	TRUE	TRUE	FALSE	-100	-1	0	0	0	31	162	TRUE	363373	0.0931406025331409	0.59403027921735	277	239	9074	26180000	37
20221002 160207	binary	custom	TRUE	TRUE	FALSE	-100	-1	0	0	0	31	99	TRUE	363373	0.0812648646060629	0.205390531910096	368	1017	8931	26300000	38
20221002 160357	binary	custom	TRUE	TRUE	FALSE	-100	-1	0	0	0	31	169	TRUE	363373	0.0692777510522682	0.388360904955928	869	588	9085	26550000	39
20221002 160450	binary	custom	TRUE	TRUE	FALSE	-100	-1	0	0	0	31	63	TRUE	363373	0.0913690822664985	0.203567684094995	1040	672	9390	26340000	40
20221002 160558	binary	custom	TRUE	TRUE	FALSE	-100	-1	0	0	0	31	92	TRUE	363373	0.113852702415585	0.226550941718447	825	609	8934	27100000	41
20221002 163351	binary	custom	TRUE	TRUE	FALSE	-100	-1	0	0	0	31	372	TRUE	363373	0.0306073215477815	0.887131846301548	44	593	8792	26900000	42
20221002 171257	binary	custom	TRUE	TRUE	FALSE	-100	-1	0	0	0	31	2063	TRUE	363373	0.00512395669375308	0.834178258417682	48	657	8754	27140000	43
20221002 171948	binary	custom	TRUE	TRUE	FALSE	-100	-1	0	0	0	31	693	TRUE	363373	0.00522004151845833	0.926969442679322	3456	599	8684	2.6e+07	44
20221002 172423	binary	custom	TRUE	TRUE	FALSE	-100	-1	0	0	0	31	259	TRUE	363373	0.0477887260540755	0.800158973824626	281	729	8790	27140000	45
20221002 172605	binary	custom	TRUE	TRUE	FALSE	-100	-1	0	0	0	31	126	TRUE	363373	0.0402461265903778	0.201196049669703	1010	783	8817	26850000	46
20221002 172701	binary	custom	TRUE	TRUE	FALSE	-100	-1	0	0	0	31	144	TRUE	363373	0.113164482041287	0.25772914102389	5798	482	8825	25790000	47
20221002 173115	binary	custom	TRUE	TRUE	FALSE	-100	-1	0	0	0	31	232	TRUE	363373	0.121853222705926	0.500384824563967	177	761	9166	25590000	48
20221002 173222	binary	custom	TRUE	TRUE	FALSE	-100	-1	0	0	0	31	136	TRUE	363373	0.0421664081342432	0.872820108423695	6140	720	8814	25740000	49
20221002 174117	binary	custom	TRUE	TRUE	FALSE	-100	-1	0	0	0	31	477	TRUE	363373	0.0249313644175374	0.952400178574252	4	737	8696	24770000	50
20221002 182419	binary	custom	TRUE	TRUE	FALSE	-100	-1	0	0	0	31	1956	TRUE	363373	0.00550279249655773	0.920476942520828	17	926	9443	26960000	51
20221002 183745	binary	custom	TRUE	TRUE	FALSE	-100	-1	0	0	0	31	624	TRUE	363373	0.00537018448880169	0.596425475077965	243	367	7457	26450000	52
20221002 195715	binary	custom	TRUE	TRUE	FALSE	-100	-1	0	0	0	31	1071	TRUE	363373	0.00501557730053155	0.943011893197657	2	726	6023	23480000	53
20221002 200156	binary	custom	TRUE	TRUE	FALSE	-100	-1	0	0	0	31	229	TRUE	363373	0.0360867353548972	0.72503171412925	56	521	8962	26880000	54
20221002 200526	binary	custom	TRUE	TRUE	FALSE	-100	-1	0	0	0	31	95	TRUE	363373	0.0558216395998892	0.545512136616895	12	700	8852	25100000	55
20221002 201746	binary	custom	TRUE	TRUE	FALSE	-100	-1	0	0	0	31	609	TRUE	363373	0.0153044989171801	0.924080951332845	96	655	9854	27340000	56
20221002 202925	binary	custom	TRUE	TRUE	FALSE	-100	-1	0	0	0	31	1044	TRUE	363373	0.00534500635245273	0.904454722319619	1058	668	10929	25990000	57
20221002 203614	binary	custom	TRUE	TRUE	FALSE	-100	-1	0	0	0	31	334	TRUE	363373	0.0144689144192216	0.94965443477456	373	658	7684	26560000	58
20221002 205333	binary	custom	TRUE	TRUE	FALSE	-100	-1	0	0	0	31	979	TRUE	363373	0.00563431916147196	0.441023964291235	409	664	6038	25530000	59
20221002 205543	binary	custom	TRUE	TRUE	FALSE	-100	-1	0	0	0	31	133	TRUE	363373	0.0506430409856346	0.932870774414863	568	665	9290	26300000	60
20221002 205619	binary	custom	TRUE	TRUE	FALSE	-100	-1	0	0	0	31	87	TRUE	363373	0.241117837972376	0.349257590288296	6941	328	11421	24760000	61
20221002 205732	binary	custom	TRUE	TRUE	FALSE	-100	-1	0	0	0	31	145	TRUE	363373	0.102806239093622	0.238562046732563	1495	589	10666	26190000	62
20221002 210312	binary	custom	TRUE	TRUE	FALSE	-100	-1	0	0	0	31	701	TRUE	363373	0.00570114740539073	0.932725909952173	6798	661	6650	25260000	63
20221002 210400	binary	custom	TRUE	TRUE	FALSE	-100	-1	0	0	0	31	94	TRUE	363373	0.179143191324646	0.566191625320353	4741	600	5400	2.4e+07	64
20221002 210632	binary	custom	TRUE	TRUE	FALSE	-100	-1	0	0	0	31	251	TRUE	363373	0.0288934841710352	0.544198127278686	2008	764	5015	24130000	65
20221002 210709	binary	custom	TRUE	TRUE	FALSE	-100	-1	0	0	0	31	94	TRUE	363373	0.281165719286443	0.271065511174314	6333	249	10705	25230000	66
20221002 210738	binary	custom	TRUE	TRUE	FALSE	-100	-1	0	0	0	31	68	TRUE	363373	0.279030073665139	0.761264777389169	7448	128	12380	24440000	67
20221002 210810	binary	custom	TRUE	TRUE	FALSE	-100	-1	0	0	0	31	71	TRUE	363373	0.17100086479065	0.76375809081085	7974	801	8997	25370000	68
20221002 210905	binary	custom	TRUE	TRUE	FALSE	-100	-1	0	0	0	31	105	TRUE	363373	0.103598390889051	0.470876671506278	1506	65	6782	25640000	69
20221002 210943	binary	custom	TRUE	TRUE	FALSE	-100	-1	0	0	0	31	86	TRUE	363373	0.222127845248801	0.385055572088063	7048	74	14026	23630000	70
20221002 211021	binary	custom	TRUE	TRUE	FALSE	-100	-1	0	0	0	31	53	TRUE	363373	0.0832211016958975	0.776167680751346	6519	353	5783	24760000	71
20221002 211054	binary	custom	TRUE	TRUE	FALSE	-100	-1	0	0	0	31	26	TRUE	363373	0.246511400454474	0.346610835213587	2556	902	7594	25220000	72
20221002 211127	binary	custom	TRUE	TRUE	FALSE	-100	-1	0	0	0	31	54	TRUE	363373	0.122881975769044	0.751514698860794	5050	186	9953	25540000	73
20221002 211154	binary	custom	TRUE	TRUE	FALSE	-100	-1	0	0	0	31	19	TRUE	363373	0.228830262753656	0.829454925502092	2831	818	9907	25310000	74
20221002 211607	binary	custom	TRUE	TRUE	FALSE	-100	-1	0	0	0	31	211	TRUE	363373	0.0750347226597858	0.538970848743059	231	565	5330	23900000	75
20221002 211707	binary	custom	TRUE	TRUE	FALSE	-100	-1	0	0	0	31	166	TRUE	363373	0.130225219686829	0.209751576374285	5220	70	9688	26230000	76
20221002 211748	binary	custom	TRUE	TRUE	FALSE	-100	-1	0	0	0	31	94	TRUE	363373	0.197219820609494	0.924436351809464	4872	27	6014	23980000	77
20221002 211823	binary	custom	TRUE	TRUE	FALSE	-100	-1	0	0	0	31	92	TRUE	363373	0.243733340423149	0.965475028991886	7490	657	8983	25640000	78
20221002 211918	binary	custom	TRUE	TRUE	FALSE	-100	-1	0	0	0	31	89	TRUE	363373	0.0476116687012254	0.68400490231365	5416	656	5936	24770000	79
20221002 212008	binary	custom	TRUE	TRUE	FALSE	-100	-1	0	0	0	31	64	TRUE	363373	0.0785978519794997	0.889921708914265	1874	134	12484	25760000	80
20221002 212213	binary	custom	TRUE	TRUE	FALSE	-100	-1	0	0	0	31	226	TRUE	363373	0.0217425930617063	0.567306452654116	7966	641	11366	25030000	81
20221002 212339	binary	custom	TRUE	TRUE	FALSE	-100	-1	0	0	0	31	250	TRUE	363373	0.0557652197500016	0.925473455638811	5480	489	12156	25210000	82
20221002 212411	binary	custom	TRUE	TRUE	FALSE	-100	-1	0	0	0	31	59	TRUE	363373	0.190199799446646	0.239461888314411	6462	250	6794	25220000	83
20221002 214717	binary	custom	TRUE	TRUE	FALSE	-100	-1	0	0	0	31	1753	TRUE	363373	0.00501064807316784	0.936283353654505	463	662	12982	2.5e+07	84
20221002 214757	binary	custom	TRUE	TRUE	FALSE	-100	-1	0	0	0	31	64	TRUE	363373	0.21568016205956	0.356402997134626	6055	490	9428	25790000	85
20221002 214855	binary	custom	TRUE	TRUE	FALSE	-100	-1	0	0	0	31	115	TRUE	363373	0.11670417192109	0.384657626888156	3172	407	14273	23620000	86
20221002 215218	binary	custom	TRUE	TRUE	FALSE	-100	-1	0	0	0	31	190	TRUE	363373	0.0907543514002697	0.99827750274241	151	480	8205	25510000	87
20221002 215304	binary	custom	TRUE	TRUE	FALSE	-100	-1	0	0	0	31	92	TRUE	363373	0.0631903934935736	0.703831135148183	7429	253	14236	23530000	88
20221002 221449	binary	custom	TRUE	TRUE	FALSE	-100	-1	0	0	0	31	1069	TRUE	363373	0.00634628214024349	0.976428898047727	21	563	8895	26930000	89
20221002 221631	binary	custom	TRUE	TRUE	FALSE	-100	-1	0	0	0	31	294	TRUE	363373	0.0337472040641587	0.894447090747208	7861	458	9826	25550000	90
20221002 222435	binary	custom	TRUE	TRUE	FALSE	-100	-1	0	0	0	31	930	TRUE	363373	0.0078341796205868	0.805210248851217	1599	204	8783	26680000	91
20221002 222522	binary	custom	TRUE	TRUE	FALSE	-100	-1	0	0	0	31	125	TRUE	363373	0.197787872959089	0.726538617931679	7595	542	5459	23410000	92
20221002 222615	binary	custom	TRUE	TRUE	FALSE	-100	-1	0	0	0	31	113	TRUE	363373	0.135239526371039	0.4053680988824	4881	602	11496	25570000	93
20221002 222707	binary	custom	TRUE	TRUE	FALSE	-100	-1	0	0	0	31	57	TRUE	363373	0.203765542575772	0.238459304813296	724	176	11802	23840000	94
20221002 222741	binary	custom	TRUE	TRUE	FALSE	-100	-1	0	0	0	31	64	TRUE	363373	0.201535182107103	0.293085723374225	6915	769	7665	25070000	95
20221002 222843	binary	custom	TRUE	TRUE	FALSE	-100	-1	0	0	0	31	175	TRUE	363373	0.193403662257626	0.319381155042723	6285	707	5065	23550000	96
20221002 222922	binary	custom	TRUE	TRUE	FALSE	-100	-1	0	0	0	31	110	TRUE	363373	0.26395200446137	0.729731384074129	1069	56	7839	24010000	97
20221002 222952	binary	custom	TRUE	TRUE	FALSE	-100	-1	0	0	0	31	16	TRUE	363373	0.224899385717983	0.847095698761009	1357	335	12243	24960000	98
20221002 223030	binary	custom	TRUE	TRUE	FALSE	-100	-1	0	0	0	31	54	TRUE	363373	0.151891596918692	0.289742127618007	3934	471	5926	24870000	99
20221002 223103	binary	custom	TRUE	TRUE	FALSE	-100	-1	0	0	0	31	39	TRUE	363373	0.208599455329994	0.725667185312323	2313	277	6586	25390000	100
20221002 223133	binary	custom	TRUE	TRUE	FALSE	-100	-1	0	0	0	31	42	TRUE	363373	0.2869749842957	0.455722783831507	6318	144	13526	23270000	101
20221002 224621	binary	custom	TRUE	TRUE	FALSE	-100	-1	0	0	0	31	577	TRUE	363373	0.00900277244851989	0.856707909545491	37	672	9807	27030000	102
20221002 225101	binary	custom	TRUE	TRUE	FALSE	-100	-1	0	0	0	31	312	TRUE	363373	0.0156895100715847	0.805885365525578	691	546	9586	26590000	103
20221002 225524	binary	custom	TRUE	TRUE	FALSE	-100	-1	0	0	0	31	331	TRUE	363373	0.0377674819712276	0.867229287831826	447	427	8803	26640000	104
20221002 225939	binary	custom	TRUE	TRUE	FALSE	-100	-1	0	0	0	31	586	TRUE	363373	0.0140140369048425	0.919659058065346	2623	890	9968	25990000	105
20221002 230126	binary	custom	TRUE	TRUE	FALSE	-100	-1	0	0	0	31	144	TRUE	363373	0.104642164364422	0.239598745371323	609	722	8974	26060000	106
20221002 234049	binary	custom	TRUE	TRUE	FALSE	-100	-1	0	0	0	31	1790	TRUE	363373	0.00542073760513988	0.786085277617548	20	806	9149	26590000	107
20221002 234424	binary	custom	TRUE	TRUE	FALSE	-100	-1	0	0	0	31	409	TRUE	363373	0.0210199856589785	0.224015103658495	1106	606	8123	26640000	108
20221002 235943	binary	custom	TRUE	TRUE	FALSE	-100	-1	0	0	0	31	791	TRUE	363373	0.00507962850304494	0.999970697168446	392	932	9065	26670000	109
20221003 000104	binary	custom	TRUE	TRUE	FALSE	-100	-1	0	0	0	31	178	TRUE	363373	0.0425129110628829	0.351589365528916	7976	757	9005	25670000	110
20221003 001527	binary	custom	TRUE	TRUE	FALSE	-100	-1	0	0	0	31	852	TRUE	363373	0.00509035630839246	0.728703752907645	14	320	9757	27130000	111
20221003 002001	binary	custom	TRUE	TRUE	FALSE	-100	-1	0	0	0	31	224	TRUE	363373	0.0439335789778298	0.796325761493646	240	1014	8975	27090000	112
20221003 002226	binary	custom	TRUE	TRUE	FALSE	-100	-1	0	0	0	31	264	TRUE	363373	0.0320730121130539	0.369115508242888	1613	769	8820	26920000	113
20221003 003906	binary	custom	TRUE	TRUE	FALSE	-100	-1	0	0	0	31	864	TRUE	363373	0.00504346852398008	0.593737334263895	492	229	8834	27060000	114
20221003 004007	binary	custom	TRUE	TRUE	FALSE	-100	-1	0	0	0	31	95	TRUE	363373	0.0839163617069922	0.418962416254764	2806	593	9104	26360000	115
20221003 004824	binary	custom	TRUE	TRUE	FALSE	-100	-1	0	0	0	31	295	TRUE	363373	0.0311617932931785	0.421130229461852	134	317	8847	26790000	116
20221003 005023	binary	custom	TRUE	TRUE	FALSE	-100	-1	0	0	0	31	108	TRUE	363373	0.0443863544122754	0.464084758739387	713	950	8723	26800000	117
20221003 005450	binary	custom	TRUE	TRUE	FALSE	-100	-1	0	0	0	31	439	TRUE	363373	0.0143991813194965	0.379116058221275	1620	478	7745	27390000	118
20221003 010412	binary	custom	TRUE	TRUE	FALSE	-100	-1	0	0	0	31	234	TRUE	363373	0.0136118648098442	0.418773625772351	226	262	7934	27020000	119
20221003 010713	binary	custom	TRUE	TRUE	FALSE	-100	-1	0	0	0	31	219	TRUE	363373	0.018179012978897	0.467233873253475	1506	326	7689	26710000	120
20221003 011219	binary	custom	TRUE	TRUE	FALSE	-100	-1	0	0	0	31	662	TRUE	363373	0.0146459320520645	0.326544524872022	2015	718	7892	27260000	121
20221003 011848	binary	custom	TRUE	TRUE	FALSE	-100	-1	0	0	0	31	751	TRUE	363373	0.0103864622970181	0.293787197458551	1641	585	7744	27080000	122
