Feature	Gain	Cover	Frequency
ctrx_quarter	0.231873426019559	0.0243642426263477	0.0263975155279503
mpayroll	0.0634682768913742	0.0240639737636936	0.0115350488021295
mcuenta_corriente	0.0618920314286496	0.0217521844449918	0.024622892635315
mprestamos_personales	0.0381307334136136	0.0185680936434108	0.00998225377107365
cpayroll_trx	0.036132115918308	0.0110040756175865	0.0046583850931677
mcuentas_saldo	0.0333200504570309	0.0314106886262221	0.0301685891748004
mpasivos_margen	0.0322745558879503	0.0155196317561143	0.0217391304347826
mrentabilidad_annual	0.0266941995700276	0.033646635193356	0.0326086956521739
Visa_status	0.0261273198084807	0.012279582544134	0.00332741792369122
mtarjeta_visa_consumo	0.0224282830377342	0.0165948973092605	0.0188553682342502
mcomisiones_mantenimiento	0.0205941070143015	0.0129811862445413	0.012866015971606
mcaja_ahorro	0.0202679517002092	0.0185298826898429	0.0232919254658385
mrentabilidad	0.0157399781324996	0.0171206640536499	0.0224046140195209
mactivos_margen	0.0152179877034056	0.0257824082175225	0.0237355811889973
cliente_edad	0.0147637698163195	0.0209469385257519	0.0312777284826974
Visa_fechaalta	0.0137926651267744	0.0201386237476976	0.0268411712511091
Master_fechaalta	0.0133808691314459	0.0204466745972369	0.0263975155279503
Visa_Fvencimiento	0.012674373295292	0.0150471340100613	0.0277284826974268
Master_Fvencimiento	0.012177406432616	0.0211946839696516	0.0297249334516415
chomebanking_transacciones	0.0112447203516871	0.0178335513021927	0.0224046140195209
Visa_msaldototal	0.0108502984601064	0.0169133197033397	0.0186335403726708
Visa_mpagominimo	0.0108410355246228	0.0116459131261589	0.0179680567879326
Visa_mconsumospesos	0.0107189969911699	0.0207204088151312	0.0268411712511091
numero_de_cliente	0.00997176369156839	0.0218795587281919	0.0259538598047915
Visa_msaldopesos	0.00955800600107595	0.0140873001528851	0.0157497781721384
cdescubierto_preacordado	0.00879075084755531	0.0127152739552956	0.00421472937000887
Master_mfinanciacion_limite	0.00775805551145236	0.00942361332815635	0.018189884649512
Visa_cconsumos	0.00773928984555942	0.00781940566043752	0.0150842945874002
ctarjeta_visa_transacciones	0.00735720037378438	0.00907739812377295	0.0139751552795031
mcomisiones	0.00733147265076124	0.0131537080342045	0.018189884649512
mcaja_ahorro_dolares	0.00723464163114074	0.00959680747083522	0.0168589174800355
mtransferencias_recibidas	0.00716578108132707	0.00823558552022143	0.0168589174800355
Visa_mfinanciacion_limite	0.00656713909320451	0.010293471706513	0.0150842945874002
mautoservicio	0.00648425515597803	0.013643906638365	0.018189884649512
ccajas_consultas	0.00640809565528205	0.0112837678151748	0.00332741792369122
cliente_antiguedad	0.00632850376476074	0.01204083065394	0.0150842945874002
ccaja_seguridad	0.0062589391514123	0.0127686960637246	0.0031055900621118
Visa_mpagospesos	0.00622319785670789	0.0137506842856175	0.0168589174800355
cproductos	0.00600855742640139	0.0145591788016068	0.0124223602484472
mcomisiones_otras	0.00550734182567435	0.00962367496362271	0.0144188110026619
mtransferencias_emitidas	0.00545680496454822	0.0121256935870557	0.0161934338952973
ctarjeta_master	0.00518827406049843	0.000342447364711023	0.000887311446317658
mcuenta_debitos_automaticos	0.00510138061734355	0.01315063917539	0.00842945874001775
ccomisiones_otras	0.00509338569841903	0.0124934573727456	0.0133096716947649
ctarjeta_debito_transacciones	0.00499959925838505	0.0130862730238137	0.0161934338952973
Master_mlimitecompra	0.00489484740581327	0.00457658715286763	0.00976042590949423
mttarjeta_visa_debitos_automaticos	0.00451353512413137	0.0101042609167463	0.0106477373558119
Master_status	0.00415588475023434	0.0108853487261433	0.00288376220053239
ctransferencias_recibidas	0.00397444545080281	0.00657754301251936	0.00976042590949423
Visa_mconsumosdolares	0.00376981482369723	0.0078787724346394	0.0077639751552795
cmobile_app_trx	0.00368660428506147	0.00392114947388776	0.00532386867790595
cprestamos_personales	0.00355667291741532	0.00960994831096468	0.00332741792369122
thomebanking	0.00321990622045161	0.00542342576163584	0.00532386867790595
Visa_mlimitecompra	0.00312087552160429	0.00818635063997955	0.00709849157054126
internet	0.00307171611768324	0.0115961190612306	0.00354924578527063
ctransferencias_emitidas	0.00301118425878653	0.0107490674297248	0.00865128660159716
ccallcenter_transacciones	0.00289545720846153	0.0238252884431051	0.00598935226264419
Master_mpagominimo	0.00284609422153649	0.00310493288365831	0.00554569653948536
mtarjeta_master_consumo	0.00262866832879909	0.0061489412643456	0.00421472937000887
cpagomiscuentas	0.0025141105015	0.00985267440660819	0.00643300798580302
mpagomiscuentas	0.00248929671205015	0.00731605955918699	0.00754214729370009
Master_mpagospesos	0.00245389156388035	0.0126142346080388	0.0062111801242236
ctarjeta_visa_debitos_automaticos	0.00238571086899431	0.00318680684148617	0.00510204081632653
tcallcenter	0.00231670498540286	0.00465720960211174	0.00266193433895297
Master_msaldopesos	0.00229911717718067	0.0099957324888686	0.00732031943212067
Visa_mconsumototal	0.00229135128038426	0.00311489169664396	0.0062111801242236
Master_mconsumospesos	0.00202683607703447	0.0073003491322845	0.00377107364685004
cextraccion_autoservicio	0.00194344171544116	0.00864426298546334	0.00798580301685892
ctarjeta_debito	0.00177399090623565	0.00222909655472601	0.00332741792369122
Master_msaldototal	0.00169453400118827	0.00466256845535602	0.00399290150842946
Master_mconsumototal	0.0016705065413843	0.00463279187080736	0.00354924578527063
ccaja_ahorro	0.0015950968650377	0.00778484272125204	0.00266193433895297
mextraccion_autoservicio	0.00141054921949686	0.00657034683816275	0.00576752440106477
mplazo_fijo_dolares	0.00140066713932661	0.0118209046481868	0.00288376220053239
ccuenta_debitos_automaticos	0.00137731433241572	0.00127578651889066	0.00288376220053239
ctarjeta_master_transacciones	0.00131994566740213	0.00219740942249895	0.00133096716947649
Visa_fultimo_cierre	0.00126023482259136	0.00322877897776593	0.0031055900621118
matm	0.00125232710396851	0.00217084149293631	0.00221827861579414
Master_fultimo_cierre	0.0011910097370441	0.0021881163055685	0.0031055900621118
Visa_mpagado	0.0011871009955082	0.0103248859033575	0.00354924578527063
Master_cconsumos	0.00109403861797163	0.00162710095505682	0.00177462289263532
ccajas_transacciones	0.00103563714547381	0.00615266916225467	0.00244010647737356
catm_trx	0.000927092328810251	0.00432846891917708	0.00332741792369122
matm_other	0.000748140090819542	0.00323525620038293	0.00221827861579414
Visa_msaldodolares	0.000713811865772181	0.00503244249754089	0.00266193433895297
ccomisiones_mantenimiento	0.000663337883067306	0.00196258513903055	0.00177462289263532
cseguro_accidentes_personales	0.000542579421637127	0.00118555807557016	0.000887311446317658
ccajas_extracciones	0.000495834967968718	0.00862564346679967	0.00177462289263532
catm_trx_other	0.000492271077285861	0.0020877692822091	0.00133096716947649
Master_mpagosdolares	0.000421104163743955	0.00033260837701531	0.000665483584738243
ccajas_depositos	0.0003134404605639	0.00476631718555744	0.00110913930789707
cseguro_vivienda	0.000289684847477537	0.000243365163856491	0.000443655723158829
Visa_delinquency	0.000242225969100749	0.000938964285845998	0.000443655723158829
mttarjeta_master_debitos_automaticos	0.000212369073047562	0.000562380027424814	0.000443655723158829
cseguro_vida	0.000210930591964937	0.00290670856930428	0.000665483584738243
Visa_mpagosdolares	0.000201453551300795	0.000254528886702033	0.000665483584738243
Master_mpagado	0.00018749125023514	0.000421319033329977	0.000443655723158829
Visa_madelantopesos	0.000165938508490004	0.000549312413861427	0.000221827861579414
ctarjeta_visa	0.000138919068840806	0.000734788648758564	0.000665483584738243
Master_madelantopesos	0.000130701356695593	5.2396936504033e-05	0.000221827861579414
Visa_cadelantosefectivo	0.000102945832400285	0.000265839062679717	0.000221827861579414
active_quarter	8.5231432722831e-05	9.62529926199737e-05	0.000221827861579414
tcuentas	7.92020920363722e-05	0.00108441887390509	0.000221827861579414
Master_mconsumosdolares	7.80364809176765e-05	0.000110984846321336	0.000443655723158829
ctarjeta_master_debitos_automaticos	6.23599690837791e-05	0.000259761257695829	0.000221827861579414
Master_msaldodolares	2.3169490792708e-05	0.00012523074190241	0.000221827861579414
Master_cadelantosefectivo	5.01933781409272e-06	4.42355028673992e-05	0.000221827861579414
